 0.00000000e+00 -9.99990000e+00  0.00000000e+00  0.00000000e+00  0.00000000e+00  2.00001004e-11  0.00000000e+00 -9.99990000e-12  0.00000000e+00 -1.00194613e-15  0.00000000e+00  2.00000000e+00 
 1.00000000e-09 -9.99675847e+00  1.00000000e-09  9.18595488e-12  1.00000000e-09  1.99969711e-11  1.00000000e-09 -9.99361682e-12  1.00000000e-09 -1.67711686e-14  1.00000000e-09  2.00000000e+00 
 2.00000000e-09 -9.99361694e+00  2.00000000e-09  1.83813698e-11  2.00000000e-09  1.99938449e-11  2.00000000e-09 -9.98733361e-12  2.00000000e-09 -3.25566308e-14  2.00000000e-09  2.00000000e+00 
 4.00000000e-09 -9.98733390e+00  4.00000000e-09  3.67850376e-11  4.00000000e-09  1.99875971e-11  4.00000000e-09 -9.97476716e-12  4.00000000e-09 -6.41495942e-14  4.00000000e-09  2.00000000e+00 
 8.00000000e-09 -9.97476787e+00  8.00000000e-09  7.36853953e-11  8.00000000e-09  1.99751331e-11  8.00000000e-09 -9.94963409e-12  8.00000000e-09 -1.27495209e-13  8.00000000e-09  2.00000000e+00 
 1.60000000e-08 -9.94963637e+00  1.60000000e-08  1.48165445e-10  1.60000000e-08  1.99504373e-11  1.60000000e-08 -9.89936673e-12  1.60000000e-08 -2.55352631e-13  1.60000000e-08  2.00000000e+00 
 3.20000000e-08 -9.89937782e+00  3.20000000e-08  3.06880333e-10  3.20000000e-08  1.99043704e-11  3.20000000e-08 -9.79880772e-12  3.20000000e-08 -5.27813200e-13  3.20000000e-08  2.00000000e+00 
 6.40000000e-08 -9.79889628e+00  6.40000000e-08  1.28549675e-09  6.40000000e-08  2.00370671e-11  6.40000000e-08 -9.59551284e-12  6.40000000e-08 -2.20777147e-12  6.40000000e-08  2.00000000e+00 
 1.28000000e-07 -9.59821753e+00  1.28000000e-07  1.64111195e-06  1.28000000e-07  5.77070489e-10  1.28000000e-07 -3.62181600e-12  1.28000000e-07 -2.81724336e-09  1.28000000e-07  2.00000000e+00 
 1.90589427e-07 -9.40258668e+00  1.90589427e-07  2.83220085e-03  1.90589427e-07  9.62780217e-07  1.90589427e-07  9.61880004e-09  1.90589427e-07 -4.86194509e-06  1.90589427e-07  2.00000000e+00 
 2.48717565e-07 -9.22169138e+00  2.48717565e-07  9.33027067e-02  2.48717565e-07  3.17167821e-05  2.48717565e-07  3.17159092e-07  2.48717565e-07 -1.60169656e-04  2.48717565e-07  2.00000000e+00 
 3.10830694e-07 -9.02952469e+00  3.10830694e-07  2.58986884e-01  3.10830694e-07  8.80384730e-05  3.10830694e-07  8.80376222e-07  3.10830694e-07 -4.44594196e-04  3.10830694e-07  2.00000000e+00 
 3.87383015e-07 -8.79474477e+00  3.87383015e-07  4.77544368e-01  3.87383015e-07  1.62333610e-04  3.87383015e-07  1.62332784e-06  3.87383015e-07 -8.19784639e-04  3.87383015e-07  2.00000000e+00 
 4.87383015e-07 -8.49233235e+00  4.87383015e-07  7.67871783e-01  4.87383015e-07  2.61025808e-04  4.87383015e-07  2.61025015e-06  4.87383015e-07 -1.31818024e-03  4.87383015e-07  2.00000000e+00 
 5.87383015e-07 -8.19586941e+00  5.87383015e-07  1.05576924e+00  5.87383015e-07  3.58892001e-04  5.87383015e-07  3.58891238e-06  5.87383015e-07 -1.81240452e-03  5.87383015e-07  2.00000000e+00 
 6.87383015e-07 -7.90652632e+00  6.87383015e-07  1.33900065e+00  6.87383015e-07  4.55172064e-04  6.87383015e-07  4.55171330e-06  6.87383015e-07 -2.29861883e-03  6.87383015e-07  2.00000000e+00 
 7.87383015e-07 -7.62544540e+00  7.87383015e-07  1.61522008e+00  7.87383015e-07  5.49068534e-04  7.87383015e-07  5.49067829e-06  7.87383015e-07 -2.77279601e-03  7.87383015e-07  2.00000000e+00 
 8.87383015e-07 -7.35373611e+00  8.87383015e-07  1.88287908e+00  8.87383015e-07  6.40055041e-04  8.87383015e-07  6.40054364e-06  8.87383015e-07 -3.23227787e-03  8.87383015e-07  2.00000000e+00 
 9.87383015e-07 -7.09247081e+00  9.87383015e-07  2.14072877e+00  9.87383015e-07  7.27707050e-04  9.87383015e-07  7.27706400e-06  9.87383015e-07 -3.67492052e-03  9.87383015e-07  2.00000000e+00 
 1.08738301e-06 -6.84268066e+00  1.08738301e-06  2.38760003e+00  1.08738301e-06  8.11627132e-04  1.08738301e-06  8.11626508e-06  1.08738301e-06 -4.09871693e-03  1.08738301e-06  2.00000000e+00 
 1.18738301e-06 -6.60535150e+00  1.18738301e-06  2.62240816e+00  1.18738301e-06  8.91446563e-04  1.18738301e-06  8.91445963e-06  1.18738301e-06 -4.50180506e-03  1.18738301e-06  2.00000000e+00 
 1.28738301e-06 -6.38141999e+00  1.28738301e-06  2.84414759e+00  1.28738301e-06  9.66823512e-04  1.28738301e-06  9.66822934e-06  1.28738301e-06 -4.88245865e-03  1.28738301e-06  2.00000000e+00 
 1.38738301e-06 -6.17176990e+00  1.38738301e-06  3.05188462e+00  1.38738301e-06  1.03744059e-03  1.38738301e-06  1.03744003e-05  1.38738301e-06 -5.23907488e-03  1.38738301e-06  2.00000000e+00 
 1.48738301e-06 -5.97722865e+00  1.48738301e-06  3.24475469e+00  1.48738301e-06  1.10300389e-03  1.48738301e-06  1.10300335e-05  1.48738301e-06 -5.57016955e-03  1.48738301e-06  2.00000000e+00 
 1.58738301e-06 -5.79856400e+00  1.58738301e-06  3.42196178e+00  1.58738301e-06  1.16324282e-03  1.58738301e-06  1.16324230e-05  1.58738301e-06 -5.87437616e-03  1.58738301e-06  2.00000000e+00 
 1.68738301e-06 -5.63648107e+00  1.68738301e-06  3.58277901e+00  1.68738301e-06  1.21791030e-03  1.68738301e-06  1.21790979e-05  1.68738301e-06 -6.15044692e-03  1.68738301e-06  2.00000000e+00 
 1.78738301e-06 -5.49161954e+00  1.78738301e-06  3.72654979e+00  1.78738301e-06  1.26678311e-03  1.78738301e-06  1.26678262e-05  1.78738301e-06 -6.39725463e-03  1.78738301e-06  2.00000000e+00 
 1.88738301e-06 -5.36455112e+00  1.88738301e-06  3.85268914e+00  1.88738301e-06  1.30966241e-03  1.88738301e-06  1.30966194e-05  1.88738301e-06 -6.61379512e-03  1.88738301e-06  2.00000000e+00 
 1.98738301e-06 -5.25577730e+00  1.98738301e-06  3.96068522e+00  1.98738301e-06  1.34637421e-03  1.98738301e-06  1.34637375e-05  1.98738301e-06 -6.79918968e-03  1.98738301e-06  2.00000000e+00 
 2.08738301e-06 -5.16572735e+00  2.08738301e-06  4.05010068e+00  2.08738301e-06  1.37676983e-03  2.08738301e-06  1.37676938e-05  2.08738301e-06 -6.95268757e-03  2.08738301e-06  2.00000000e+00 
 2.18738301e-06 -5.09475667e+00  2.18738301e-06  4.12057401e+00  2.18738301e-06  1.40072638e-03  2.18738301e-06  1.40072593e-05  2.18738301e-06 -7.07366814e-03  2.18738301e-06  2.00000000e+00 
 2.28738301e-06 -5.04314534e+00  2.28738301e-06  4.17182060e+00  2.28738301e-06  1.41814711e-03  2.28738301e-06  1.41814667e-05  2.28738301e-06 -7.16164284e-03  2.28738301e-06  2.00000000e+00 
 2.38738301e-06 -5.01109707e+00  2.38738301e-06  4.20363367e+00  2.38738301e-06  1.42896173e-03  2.38738301e-06  1.42896129e-05  2.38738301e-06 -7.21625667e-03  2.38738301e-06  2.00000000e+00 
 2.48738301e-06 -4.99873831e+00  2.48738301e-06  4.21588493e+00  2.48738301e-06  1.43312663e-03  2.48738301e-06  1.43312619e-05  2.48738301e-06 -7.23728939e-03  2.48738301e-06  2.00000000e+00 
 2.58738301e-06 -5.00611786e+00  2.58738301e-06  4.20852499e+00  2.58738301e-06  1.43062501e-03  2.58738301e-06  1.43062457e-05  2.58738301e-06 -7.22465624e-03  2.58738301e-06  2.00000000e+00 
 2.68738301e-06 -5.03320659e+00  2.68738301e-06  4.18158356e+00  2.68738301e-06  1.42146698e-03  2.68738301e-06  1.42146654e-05  2.68738301e-06 -7.17840818e-03  2.68738301e-06  2.00000000e+00 
 2.78738301e-06 -5.07989758e+00  2.78738301e-06  4.13516930e+00  2.78738301e-06  1.40568947e-03  2.78738301e-06  1.40568903e-05  2.78738301e-06 -7.09873176e-03  2.78738301e-06  2.00000000e+00 
 2.88738301e-06 -5.14600658e+00  2.88738301e-06  4.06946951e+00  2.88738301e-06  1.38335615e-03  2.88738301e-06  1.38335570e-05  2.88738301e-06 -6.98594849e-03  2.88738301e-06  2.00000000e+00 
 2.98738301e-06 -5.23127267e+00  2.98738301e-06  3.98474950e+00  2.98738301e-06  1.35455720e-03  2.98738301e-06  1.35455674e-05  2.98738301e-06 -6.84051381e-03  2.98738301e-06  2.00000000e+00 
 3.08738301e-06 -5.33535934e+00  3.08738301e-06  3.88135172e+00  3.08738301e-06  1.31940905e-03  3.08738301e-06  1.31940857e-05  3.08738301e-06 -6.66301560e-03  3.08738301e-06  2.00000000e+00 
 3.18738301e-06 -5.45785582e+00  3.18738301e-06  3.75969477e+00  3.18738301e-06  1.27805396e-03  3.18738301e-06  1.27805348e-05  3.18738301e-06 -6.45417243e-03  3.18738301e-06  2.00000000e+00 
 3.28738301e-06 -5.59827866e+00  3.28738301e-06  3.62027205e+00  3.28738301e-06  1.23065969e-03  3.28738301e-06  1.23065919e-05  3.28738301e-06 -6.21483134e-03  3.28738301e-06  2.00000000e+00 
 3.38738301e-06 -5.75607366e+00  3.38738301e-06  3.46365049e+00  3.38738301e-06  1.17741893e-03  3.38738301e-06  1.17741841e-05  3.38738301e-06 -5.94596551e-03  3.38738301e-06  2.00000000e+00 
 3.48738301e-06 -5.93061808e+00  3.48738301e-06  3.29046899e+00  3.48738301e-06  1.11854887e-03  3.48738301e-06  1.11854834e-05  3.48738301e-06 -5.64867172e-03  3.48738301e-06  2.00000000e+00 
 3.58738301e-06 -6.12122307e+00  3.58738301e-06  3.10143708e+00  3.58738301e-06  1.05429071e-03  3.58738301e-06  1.05429016e-05  3.58738301e-06 -5.32416800e-03  3.58738301e-06  2.00000000e+00 
 3.68738301e-06 -6.32713637e+00  3.68738301e-06  2.89733366e+00  3.68738301e-06  9.84909219e-04  3.68738301e-06  9.84908647e-06  3.68738301e-06 -4.97379147e-03  3.68738301e-06  2.00000000e+00 
 3.78738301e-06 -6.54754533e+00  3.78738301e-06  2.67900636e+00  3.78738301e-06  9.10692530e-04  3.78738301e-06  9.10691936e-06  3.78738301e-06 -4.59899720e-03  3.78738301e-06  2.00000000e+00 
 3.88738301e-06 -6.78158007e+00  3.88738301e-06  2.44737171e+00  3.88738301e-06  8.31952207e-04  3.88738301e-06  8.31951589e-06  3.88738301e-06 -4.20135857e-03  3.88738301e-06  2.00000000e+00 
 3.98738301e-06 -7.02831695e+00  3.98738301e-06  2.20341730e+00  3.98738301e-06  7.49023967e-04  3.98738301e-06  7.49023324e-06  3.98738301e-06 -3.78257095e-03  3.98738301e-06  2.00000000e+00 
 4.08738301e-06 -7.28678218e+00  4.08738301e-06  1.94820742e+00  4.08738301e-06  6.62269589e-04  4.08738301e-06  6.62268919e-06  4.08738301e-06 -3.34446134e-03  4.08738301e-06  2.00000000e+00 
 4.18738301e-06 -7.55595565e+00  4.18738301e-06  1.68289562e+00  4.18738301e-06  5.72081210e-04  4.18738301e-06  5.72080513e-06  4.18738301e-06 -2.88901002e-03  4.18738301e-06  2.00000000e+00 
 4.28738301e-06 -7.83477499e+00  4.28738301e-06  1.40875233e+00  4.28738301e-06  4.78890687e-04  4.28738301e-06  4.78889961e-06  4.28738301e-06 -2.41839788e-03  4.28738301e-06  2.00000000e+00 
 4.38738301e-06 -8.12213970e+00  4.38738301e-06  1.12722732e+00  4.38738301e-06  3.83190852e-04  4.38738301e-06  3.83190096e-06  4.38738301e-06 -1.93511371e-03  4.38738301e-06  2.00000000e+00 
 4.48738301e-06 -8.41691546e+00  4.48738301e-06  8.40106593e-01  4.48738301e-06  2.85588822e-04  4.48738301e-06  2.85588036e-06  4.48738301e-06 -1.44222346e-03  4.48738301e-06  2.00000000e+00 
 4.58738301e-06 -8.71793843e+00  4.58738301e-06  5.49979964e-01  4.58738301e-06  1.86964965e-04  4.58738301e-06  1.86964147e-06  4.58738301e-06 -9.44172980e-04  4.58738301e-06  2.00000000e+00 
 4.68738301e-06 -9.02401885e+00  4.68738301e-06  2.63245656e-01  4.68738301e-06  8.94942532e-05  4.68738301e-06  8.94934029e-07  4.68738301e-06 -4.51945886e-04  4.68738301e-06  2.00000000e+00 
 4.78738301e-06 -9.33393563e+00  4.78738301e-06  2.00308616e-02  4.78738301e-06  6.81728663e-06  4.78738301e-06  6.81639842e-08  4.78738301e-06 -3.44272031e-05  4.78738301e-06  2.00000000e+00 
 4.88738301e-06 -9.64640554e+00  4.88738301e-06 -2.35738358e-05  4.88738301e-06  1.03558075e-10  4.88738301e-06 -8.45459069e-12  4.88738301e-06 -4.25517423e-10  4.88738301e-06  2.00000000e+00 
 4.98738301e-06 -9.96026378e+00  4.98738301e-06 -2.38215915e-05  4.98738301e-06  1.99605401e-11  4.98738301e-06 -9.92142086e-12  4.98738301e-06 -1.95596238e-13  4.98738301e-06  2.00000000e+00 
 5.08738301e-06 -1.02742784e+01  5.08738301e-06 -2.38225020e-05  5.08738301e-06  2.02743786e-11  5.08738301e-06 -1.05494520e-11  5.08738301e-06  1.37536696e-12  5.08738301e-06  2.00000000e+00 
 5.18738301e-06 -1.05872103e+01  5.18738301e-06 -2.38234088e-05  5.18738301e-06  2.05873103e-11  5.18738301e-06 -1.11753156e-11  5.18738301e-06  2.94002656e-12  5.18738301e-06  2.00000000e+00 
 5.28738301e-06 -1.08978242e+01  5.28738301e-06 -2.38243089e-05  5.28738301e-06  2.08979242e-11  5.28738301e-06 -1.17965435e-11  5.28738301e-06  4.49309647e-12  5.28738301e-06  2.00000000e+00 
 5.38738301e-06 -1.12048945e+01  5.38738301e-06 -2.38251987e-05  5.38738301e-06  2.12049945e-11  5.38738301e-06 -1.24106841e-11  5.38738301e-06  6.02844787e-12  5.38738301e-06  2.00000000e+00 
 5.48738301e-06 -1.15072092e+01  5.48738301e-06 -2.38260745e-05  5.48738301e-06  2.15073092e-11  5.48738301e-06 -1.30153135e-11  5.48738301e-06  7.54002144e-12  5.48738301e-06  2.00000000e+00 
 5.58738301e-06 -1.18035753e+01  5.58738301e-06 -2.38269331e-05  5.58738301e-06  2.18036753e-11  5.58738301e-06 -1.36080456e-11  5.58738301e-06  9.02185171e-12  5.58738301e-06  2.00000000e+00 
 5.68738301e-06 -1.20928231e+01  5.68738301e-06 -2.38277709e-05  5.68738301e-06  2.20929231e-11  5.68738301e-06 -1.41865412e-11  5.68738301e-06  1.04680906e-11  5.68738301e-06  2.00000000e+00 
 5.78738301e-06 -1.23738110e+01  5.78738301e-06 -2.38285847e-05  5.78738301e-06  2.23739110e-11  5.78738301e-06 -1.47485171e-11  5.78738301e-06  1.18730304e-11  5.78738301e-06  2.00000000e+00 
 5.88738301e-06 -1.26454302e+01  5.88738301e-06 -2.38293712e-05  5.88738301e-06  2.26455302e-11  5.88738301e-06 -1.52917555e-11  5.88738301e-06  1.32311265e-11  5.88738301e-06  2.00000000e+00 
 5.98738301e-06 -1.29066088e+01  5.98738301e-06 -2.38301273e-05  5.98738301e-06  2.29067088e-11  5.98738301e-06 -1.58141126e-11  5.98738301e-06  1.45370191e-11  5.98738301e-06  2.00000000e+00 
 6.08738301e-06 -1.31563158e+01  6.08738301e-06 -2.38308500e-05  6.08738301e-06  2.31564158e-11  6.08738301e-06 -1.63135267e-11  6.08738301e-06  1.57855544e-11  6.08738301e-06  2.00000000e+00 
 6.18738301e-06 -1.33935660e+01  6.18738301e-06 -2.38315364e-05  6.18738301e-06  2.33936660e-11  6.18738301e-06 -1.67880270e-11  6.18738301e-06  1.69718051e-11  6.18738301e-06  2.00000000e+00 
 6.28738301e-06 -1.36174229e+01  6.28738301e-06 -2.38321838e-05  6.28738301e-06  2.36175229e-11  6.28738301e-06 -1.72357408e-11  6.28738301e-06  1.80910895e-11  6.28738301e-06  2.00000000e+00 
 6.38738301e-06 -1.38270030e+01  6.38738301e-06 -2.38327896e-05  6.38738301e-06  2.38271030e-11  6.38738301e-06 -1.76549011e-11  6.38738301e-06  1.91389904e-11  6.38738301e-06  2.00000000e+00 
 6.48738301e-06 -1.40214794e+01  6.48738301e-06 -2.38333514e-05  6.48738301e-06  2.40215794e-11  6.48738301e-06 -1.80438538e-11  6.48738301e-06  2.01113721e-11  6.48738301e-06  2.00000000e+00 
 6.58738301e-06 -1.42000844e+01  6.58738301e-06 -2.38338670e-05  6.58738301e-06  2.42001844e-11  6.58738301e-06 -1.84010638e-11  6.58738301e-06  2.10043972e-11  6.58738301e-06  2.00000000e+00 
 6.68738301e-06 -1.43621132e+01  6.68738301e-06 -2.38343342e-05  6.68738301e-06  2.43622132e-11  6.68738301e-06 -1.87251214e-11  6.68738301e-06  2.18145412e-11  6.68738301e-06  2.00000000e+00 
 6.78738301e-06 -1.45069263e+01  6.78738301e-06 -2.38347514e-05  6.78738301e-06  2.45070263e-11  6.78738301e-06 -1.90147477e-11  6.78738301e-06  2.25386069e-11  6.78738301e-06  2.00000000e+00 
 6.88738301e-06 -1.46339523e+01  6.88738301e-06 -2.38351168e-05  6.88738301e-06  2.46340523e-11  6.88738301e-06 -1.92687997e-11  6.88738301e-06  2.31737368e-11  6.88738301e-06  2.00000000e+00 
 6.98738301e-06 -1.47426898e+01  6.98738301e-06 -2.38354289e-05  6.98738301e-06  2.47427898e-11  6.98738301e-06 -1.94862746e-11  6.98738301e-06  2.37174242e-11  6.98738301e-06  2.00000000e+00 
 7.08738301e-06 -1.48327097e+01  7.08738301e-06 -2.38356864e-05  7.08738301e-06  2.48328097e-11  7.08738301e-06 -1.96663143e-11  7.08738301e-06  2.41675235e-11  7.08738301e-06  2.00000000e+00 
 7.18738301e-06 -1.49036566e+01  7.18738301e-06 -2.38358884e-05  7.18738301e-06  2.49037566e-11  7.18738301e-06 -1.98082083e-11  7.18738301e-06  2.45222583e-11  7.18738301e-06  2.00000000e+00 
 7.28738301e-06 -1.49552507e+01  7.28738301e-06 -2.38360341e-05  7.28738301e-06  2.49553507e-11  7.28738301e-06 -1.99113964e-11  7.28738301e-06  2.47802287e-11  7.28738301e-06  2.00000000e+00 
 7.38738301e-06 -1.49872883e+01  7.38738301e-06 -2.38361228e-05  7.38738301e-06  2.49873883e-11  7.38738301e-06 -1.99754716e-11  7.38738301e-06  2.49404165e-11  7.38738301e-06  2.00000000e+00 
 7.48738301e-06 -1.49996429e+01  7.48738301e-06 -2.38361541e-05  7.48738301e-06  2.49997429e-11  7.48738301e-06 -2.00001808e-11  7.48738301e-06  2.50021897e-11  7.48738301e-06  2.00000000e+00 
 7.58738301e-06 -1.49922658e+01  7.58738301e-06 -2.38361280e-05  7.58738301e-06  2.49923658e-11  7.58738301e-06 -1.99854267e-11  7.58738301e-06  2.49653043e-11  7.58738301e-06  2.00000000e+00 
 7.68738301e-06 -1.49651862e+01  7.68738301e-06 -2.38360445e-05  7.68738301e-06  2.49652862e-11  7.68738301e-06 -1.99312674e-11  7.68738301e-06  2.48299060e-11  7.68738301e-06  2.00000000e+00 
 7.78738301e-06 -1.49185108e+01  7.78738301e-06 -2.38359039e-05  7.78738301e-06  2.49186108e-11  7.78738301e-06 -1.98379166e-11  7.78738301e-06  2.45965291e-11  7.78738301e-06  2.00000000e+00 
 7.88738301e-06 -1.48524239e+01  7.88738301e-06 -2.38357068e-05  7.88738301e-06  2.48525239e-11  7.88738301e-06 -1.97057428e-11  7.88738301e-06  2.42660947e-11  7.88738301e-06  2.00000000e+00 
 7.98738301e-06 -1.47671863e+01  7.98738301e-06 -2.38354539e-05  7.98738301e-06  2.47672863e-11  7.98738301e-06 -1.95352677e-11  7.98738301e-06  2.38399068e-11  7.98738301e-06  2.00000000e+00 
 8.08738301e-06 -1.46631344e+01  8.08738301e-06 -2.38351462e-05  8.08738301e-06  2.46632344e-11  8.08738301e-06 -1.93271639e-11  8.08738301e-06  2.33196474e-11  8.08738301e-06  2.00000000e+00 
 8.18738301e-06 -1.45406789e+01  8.18738301e-06 -2.38347849e-05  8.18738301e-06  2.45407789e-11  8.18738301e-06 -1.90822529e-11  8.18738301e-06  2.27073697e-11  8.18738301e-06  2.00000000e+00 
 8.28738301e-06 -1.44003030e+01  8.28738301e-06 -2.38343714e-05  8.28738301e-06  2.44004030e-11  8.28738301e-06 -1.88015010e-11  8.28738301e-06  2.20054902e-11  8.28738301e-06  2.00000000e+00 
 8.38738301e-06 -1.42425607e+01  8.38738301e-06 -2.38339073e-05  8.38738301e-06  2.42426607e-11  8.38738301e-06 -1.84860164e-11  8.38738301e-06  2.12167787e-11  8.38738301e-06  2.00000000e+00 
 8.48738301e-06 -1.40680746e+01  8.48738301e-06 -2.38333945e-05  8.48738301e-06  2.40681746e-11  8.48738301e-06 -1.81370442e-11  8.48738301e-06  2.03443480e-11  8.48738301e-06  2.00000000e+00 
 8.58738301e-06 -1.38775332e+01  8.58738301e-06 -2.38328349e-05  8.58738301e-06  2.38776332e-11  8.58738301e-06 -1.77559614e-11  8.58738301e-06  1.93916411e-11  8.58738301e-06  2.00000000e+00 
 8.68738301e-06 -1.36716886e+01  8.68738301e-06 -2.38322307e-05  8.68738301e-06  2.36717886e-11  8.68738301e-06 -1.73442722e-11  8.68738301e-06  1.83624181e-11  8.68738301e-06  2.00000000e+00 
 8.78738301e-06 -1.34513531e+01  8.78738301e-06 -2.38315843e-05  8.78738301e-06  2.34514531e-11  8.78738301e-06 -1.69036012e-11  8.78738301e-06  1.72607407e-11  8.78738301e-06  2.00000000e+00 
 8.88738301e-06 -1.32173963e+01  8.88738301e-06 -2.38308983e-05  8.88738301e-06  2.32174963e-11  8.88738301e-06 -1.64356876e-11  8.88738301e-06  1.60909567e-11  8.88738301e-06  2.00000000e+00 
 8.98738301e-06 -1.29707415e+01  8.98738301e-06 -2.38301753e-05  8.98738301e-06  2.29708415e-11  8.98738301e-06 -1.59423781e-11  8.98738301e-06  1.48576828e-11  8.98738301e-06  2.00000000e+00 
 9.08738301e-06 -1.27123622e+01  9.08738301e-06 -2.38294181e-05  9.08738301e-06  2.27124622e-11  9.08738301e-06 -1.54256194e-11  9.08738301e-06  1.35657861e-11  9.08738301e-06  2.00000000e+00 
 9.18738301e-06 -1.24432780e+01  9.18738301e-06 -2.38286297e-05  9.18738301e-06  2.24433780e-11  9.18738301e-06 -1.48874510e-11  9.18738301e-06  1.22203652e-11  9.18738301e-06  2.00000000e+00 
 9.28738301e-06 -1.21645509e+01  9.28738301e-06 -2.38278132e-05  9.28738301e-06  2.21646509e-11  9.28738301e-06 -1.43299969e-11  9.28738301e-06  1.08267298e-11  9.28738301e-06  2.00000000e+00 
 9.38738301e-06 -1.18772809e+01  9.38738301e-06 -2.38269719e-05  9.38738301e-06  2.18773809e-11  9.38738301e-06 -1.37554569e-11  9.38738301e-06  9.39037994e-12  9.38738301e-06  2.00000000e+00 
 9.48738301e-06 -1.15826018e+01  9.48738301e-06 -2.38261090e-05  9.48738301e-06  2.15827018e-11  9.48738301e-06 -1.31660987e-11  9.48738301e-06  7.91698427e-12  9.48738301e-06  2.00000000e+00 
 9.58738301e-06 -1.12816765e+01  9.58738301e-06 -2.38252279e-05  9.58738301e-06  2.12817765e-11  9.58738301e-06 -1.25642480e-11  9.58738301e-06  6.41235759e-12  9.58738301e-06  2.00000000e+00 
 9.68738301e-06 -1.09756926e+01  9.68738301e-06 -2.38243321e-05  9.68738301e-06  2.09757926e-11  9.68738301e-06 -1.19522802e-11  9.68738301e-06  4.88243798e-12  9.68738301e-06  2.00000000e+00 
 9.78738301e-06 -1.06658576e+01  9.78738301e-06 -2.38234250e-05  9.78738301e-06  2.06659576e-11  9.78738301e-06 -1.13326103e-11  9.78738301e-06  3.33326331e-12  9.78738301e-06  2.00000000e+00 
 9.88738301e-06 -1.03533945e+01  9.88738301e-06 -2.38225103e-05  9.88738301e-06  2.03534945e-11  9.88738301e-06 -1.07076840e-11  9.88738301e-06  1.77094729e-12  9.88738301e-06  2.00000000e+00 
 9.98738301e-06 -1.00395362e+01  9.98738301e-06 -2.38215914e-05  9.98738301e-06  2.00396572e-11  9.98738301e-06 -1.00799673e-11  9.98738301e-06  2.01550311e-13  9.98738301e-06  2.00000000e+00 
 1.00873830e-05 -9.72552156e+00  1.00873830e-05 -2.38090846e-05  1.00873830e-05  2.36646691e-11  1.00873830e-05 -9.41254770e-12  1.00873830e-05 -2.12606070e-11  1.00873830e-05  2.00000000e+00 
 1.01873830e-05 -9.41258909e+00  1.01873830e-05  1.90799443e-03  1.01873830e-05  6.56708789e-07  1.01873830e-05  6.55806576e-09  1.01873830e-05 -3.31628427e-06  1.01873830e-05  2.00000000e+00 
 1.02873830e-05 -9.10191068e+00  1.02873830e-05  1.93358204e-01  1.02873830e-05  6.57371492e-05  1.02873830e-05  6.57362903e-07  1.02873830e-05 -3.31972511e-04  1.02873830e-05  2.00000000e+00 
 1.03873830e-05 -8.79474493e+00  1.03873830e-05  4.77064534e-01  1.03873830e-05  1.62178597e-04  1.03873830e-05  1.62177771e-06  1.03873830e-05 -8.19001821e-04  1.03873830e-05  2.00000000e+00 
 1.04873830e-05 -8.49233262e+00  1.04873830e-05  7.67040884e-01  1.04873830e-05  2.60751456e-04  1.04873830e-05  2.60750662e-06  1.04873830e-05 -1.31679476e-03  1.04873830e-05  2.00000000e+00 
 1.05873830e-05 -8.19586969e+00  1.05873830e-05  1.05491683e+00  1.05873830e-05  3.58610337e-04  1.05873830e-05  3.58609574e-06  1.05873830e-05 -1.81098211e-03  1.05873830e-05  2.00000000e+00 
 1.06873830e-05 -7.90652658e+00  1.06873830e-05  1.33819105e+00  1.06873830e-05  4.54904951e-04  1.06873830e-05  4.54904218e-06  1.06873830e-05 -2.29726992e-03  1.06873830e-05  2.00000000e+00 
 1.07873830e-05 -7.62544566e+00  1.07873830e-05  1.61441647e+00  1.07873830e-05  5.48803459e-04  1.07873830e-05  5.48802754e-06  1.07873830e-05 -2.77145738e-03  1.07873830e-05  2.00000000e+00 
 1.08873830e-05 -7.35373637e+00  1.08873830e-05  1.88207220e+00  1.08873830e-05  6.39788855e-04  1.08873830e-05  6.39788178e-06  1.08873830e-05 -3.23093363e-03  1.08873830e-05  2.00000000e+00 
 1.09873830e-05 -7.09247107e+00  1.09873830e-05  2.13992028e+00  1.09873830e-05  7.27440316e-04  1.09873830e-05  7.27439666e-06  1.09873830e-05 -3.67357351e-03  1.09873830e-05  2.00000000e+00 
 1.10873830e-05 -6.84268093e+00  1.10873830e-05  2.38679061e+00  1.10873830e-05  8.11360080e-04  1.10873830e-05  8.11359455e-06  1.10873830e-05 -4.09736832e-03  1.10873830e-05  2.00000000e+00 
 1.11873830e-05 -6.60535177e+00  1.11873830e-05  2.62159800e+00  1.11873830e-05  8.91179260e-04  1.11873830e-05  8.91178660e-06  1.11873830e-05 -4.50045518e-03  1.11873830e-05  2.00000000e+00 
 1.12873830e-05 -6.38142026e+00  1.12873830e-05  2.84333683e+00  1.12873830e-05  9.66556007e-04  1.12873830e-05  9.66555429e-06  1.12873830e-05 -4.88110775e-03  1.12873830e-05  2.00000000e+00 
 1.13873830e-05 -6.17177017e+00  1.13873830e-05  3.05107339e+00  1.13873830e-05  1.03717292e-03  1.13873830e-05  1.03717236e-05  1.13873830e-05 -5.23772316e-03  1.13873830e-05  2.00000000e+00 
 1.14873830e-05 -5.97722891e+00  1.14873830e-05  3.24394307e+00  1.14873830e-05  1.10273609e-03  1.14873830e-05  1.10273555e-05  1.14873830e-05 -5.56881716e-03  1.14873830e-05  2.00000000e+00 
 1.15873830e-05 -5.79856426e+00  1.15873830e-05  3.42114984e+00  1.15873830e-05  1.16297491e-03  1.15873830e-05  1.16297439e-05  1.15873830e-05 -5.87302323e-03  1.15873830e-05  2.00000000e+00 
 1.16873830e-05 -5.63648133e+00  1.16873830e-05  3.58196682e+00  1.16873830e-05  1.21764230e-03  1.16873830e-05  1.21764180e-05  1.16873830e-05 -6.14909354e-03  1.16873830e-05  2.00000000e+00 
 1.17873830e-05 -5.49161981e+00  1.17873830e-05  3.72573738e+00  1.17873830e-05  1.26651504e-03  1.17873830e-05  1.26651456e-05  1.17873830e-05 -6.39590089e-03  1.17873830e-05  2.00000000e+00 
 1.18873830e-05 -5.36455139e+00  1.18873830e-05  3.85187656e+00  1.18873830e-05  1.30939429e-03  1.18873830e-05  1.30939381e-05  1.18873830e-05 -6.61244108e-03  1.18873830e-05  2.00000000e+00 
 1.19873830e-05 -5.25577756e+00  1.19873830e-05  3.95987250e+00  1.19873830e-05  1.34610604e-03  1.19873830e-05  1.34610557e-05  1.19873830e-05 -6.79783541e-03  1.19873830e-05  2.00000000e+00 
 1.20873830e-05 -5.16572762e+00  1.20873830e-05  4.04928785e+00  1.20873830e-05  1.37650162e-03  1.20873830e-05  1.37650117e-05  1.20873830e-05 -6.95133310e-03  1.20873830e-05  2.00000000e+00 
 1.21873830e-05 -5.09475693e+00  1.21873830e-05  4.11976110e+00  1.21873830e-05  1.40045814e-03  1.21873830e-05  1.40045770e-05  1.21873830e-05 -7.07231354e-03  1.21873830e-05  2.00000000e+00 
 1.22873830e-05 -5.04314561e+00  1.22873830e-05  4.17100764e+00  1.22873830e-05  1.41787885e-03  1.22873830e-05  1.41787841e-05  1.22873830e-05 -7.16028814e-03  1.22873830e-05  2.00000000e+00 
 1.23873830e-05 -5.01109733e+00  1.23873830e-05  4.20282068e+00  1.23873830e-05  1.42869346e-03  1.23873830e-05  1.42869303e-05  1.23873830e-05 -7.21490192e-03  1.23873830e-05  2.00000000e+00 
 1.24873830e-05 -4.99873858e+00  1.24873830e-05  4.21507192e+00  1.24873830e-05  1.43285836e-03  1.24873830e-05  1.43285792e-05  1.24873830e-05 -7.23593463e-03  1.24873830e-05  2.00000000e+00 
 1.25873830e-05 -5.00611813e+00  1.25873830e-05  4.20771200e+00  1.25873830e-05  1.43035675e-03  1.25873830e-05  1.43035631e-05  1.25873830e-05 -7.22330150e-03  1.25873830e-05  2.00000000e+00 
 1.26873830e-05 -5.03320685e+00  1.26873830e-05  4.18077060e+00  1.26873830e-05  1.42119873e-03  1.26873830e-05  1.42119829e-05  1.26873830e-05 -7.17705350e-03  1.26873830e-05  2.00000000e+00 
 1.27873830e-05 -5.07989785e+00  1.27873830e-05  4.13435641e+00  1.27873830e-05  1.40542124e-03  1.27873830e-05  1.40542079e-05  1.27873830e-05 -7.09737718e-03  1.27873830e-05  2.00000000e+00 
 1.28873830e-05 -5.14600684e+00  1.28873830e-05  4.06865670e+00  1.28873830e-05  1.38308795e-03  1.28873830e-05  1.38308750e-05  1.28873830e-05 -6.98459406e-03  1.28873830e-05  2.00000000e+00 
 1.29873830e-05 -5.23127293e+00  1.29873830e-05  3.98393680e+00  1.29873830e-05  1.35428904e-03  1.29873830e-05  1.35428858e-05  1.29873830e-05 -6.83915957e-03  1.29873830e-05  2.00000000e+00 
 1.30873830e-05 -5.33535961e+00  1.30873830e-05  3.88053917e+00  1.30873830e-05  1.31914093e-03  1.30873830e-05  1.31914046e-05  1.30873830e-05 -6.66166161e-03  1.30873830e-05  2.00000000e+00 
 1.31873830e-05 -5.45785609e+00  1.31873830e-05  3.75888238e+00  1.31873830e-05  1.27778590e-03  1.31873830e-05  1.27778542e-05  1.31873830e-05 -6.45281873e-03  1.31873830e-05  2.00000000e+00 
 1.32873830e-05 -5.59827892e+00  1.32873830e-05  3.61945988e+00  1.32873830e-05  1.23039170e-03  1.32873830e-05  1.23039120e-05  1.32873830e-05 -6.21347801e-03  1.32873830e-05  2.00000000e+00 
 1.33873830e-05 -5.75607393e+00  1.33873830e-05  3.46283858e+00  1.33873830e-05  1.17715103e-03  1.33873830e-05  1.17715051e-05  1.33873830e-05 -5.94461261e-03  1.33873830e-05  2.00000000e+00 
 1.34873830e-05 -5.93061835e+00  1.34873830e-05  3.28965739e+00  1.34873830e-05  1.11828108e-03  1.34873830e-05  1.11828055e-05  1.34873830e-05 -5.64731937e-03  1.34873830e-05  2.00000000e+00 
 1.35873830e-05 -6.12122333e+00  1.35873830e-05  3.10062586e+00  1.35873830e-05  1.05402304e-03  1.35873830e-05  1.05402249e-05  1.35873830e-05 -5.32281630e-03  1.35873830e-05  2.00000000e+00 
 1.36873830e-05 -6.32713663e+00  1.36873830e-05  2.89652291e+00  1.36873830e-05  9.84641712e-04  1.36873830e-05  9.84641140e-06  1.36873830e-05 -4.97244057e-03  1.36873830e-05  2.00000000e+00 
 1.37873830e-05 -6.54754559e+00  1.37873830e-05  2.67819617e+00  1.37873830e-05  9.10425218e-04  1.37873830e-05  9.10424624e-06  1.37873830e-05 -4.59764727e-03  1.37873830e-05  2.00000000e+00 
 1.38873830e-05 -6.78158034e+00  1.38873830e-05  2.44656224e+00  1.38873830e-05  8.31685139e-04  1.38873830e-05  8.31684521e-06  1.38873830e-05 -4.20000987e-03  1.38873830e-05  2.00000000e+00 
 1.39873830e-05 -7.02831722e+00  1.39873830e-05  2.20260875e+00  1.39873830e-05  7.48757209e-04  1.39873830e-05  7.48756566e-06  1.39873830e-05 -3.78122382e-03  1.39873830e-05  2.00000000e+00 
 1.40873830e-05 -7.28678244e+00  1.40873830e-05  1.94740006e+00  1.40873830e-05  6.62003236e-04  1.40873830e-05  6.62002567e-06  1.40873830e-05 -3.34311626e-03  1.40873830e-05  2.00000000e+00 
 1.41873830e-05 -7.55595591e+00  1.41873830e-05  1.68208988e+00  1.41873830e-05  5.71815407e-04  1.41873830e-05  5.71814710e-06  1.41873830e-05 -2.88766772e-03  1.41873830e-05  2.00000000e+00 
 1.42873830e-05 -7.83477525e+00  1.42873830e-05  1.40794887e+00  1.42873830e-05  4.78625663e-04  1.42873830e-05  4.78624937e-06  1.42873830e-05 -2.41705951e-03  1.42873830e-05  2.00000000e+00 
 1.43873830e-05 -8.12213996e+00  1.43873830e-05  1.12642734e+00  1.43873830e-05  3.82927007e-04  1.43873830e-05  3.82926251e-06  1.43873830e-05 -1.93378130e-03  1.43873830e-05  2.00000000e+00 
 1.44873830e-05 -8.41691572e+00  1.44873830e-05  8.39312408e-01  1.44873830e-05  2.85326948e-04  1.44873830e-05  2.85326162e-06  1.44873830e-05 -1.44090100e-03  1.44873830e-05  2.00000000e+00 
 1.45873830e-05 -8.71793869e+00  1.45873830e-05  5.49197151e-01  1.45873830e-05  1.86706956e-04  1.45873830e-05  1.86706139e-06  1.45873830e-05 -9.42870037e-04  1.45873830e-05  2.00000000e+00 
 1.46873830e-05 -9.02401910e+00  1.46873830e-05  2.62498781e-01  1.46873830e-05  8.92484613e-05  1.46873830e-05  8.92476110e-07  1.46873830e-05 -4.50704637e-04  1.46873830e-05  2.00000000e+00 
 1.47873830e-05 -9.33393575e+00  1.47873830e-05  1.96619985e-02  1.47873830e-05  6.69999383e-06  1.47873830e-05  6.69910557e-08  1.47873830e-05 -3.38348744e-05  1.47873830e-05  2.00000000e+00 
 1.48873830e-05 -9.64640554e+00  1.48873830e-05 -4.73985368e-05  1.48873830e-05  1.01021611e-10  1.48873830e-05 -8.48074923e-12  1.48873830e-05 -4.12704310e-10  1.48873830e-05  2.00000000e+00 
 1.49873830e-05 -9.96026378e+00  1.49873830e-05 -4.76388261e-05  1.49873830e-05  1.99605457e-11  1.49873830e-05 -9.92221471e-12  1.49873830e-05 -1.91654920e-13  1.49873830e-05  2.00000000e+00 
 1.50873830e-05 -1.02742784e+01  1.50873830e-05 -4.76397320e-05  1.50873830e-05  2.02743786e-11  1.50873830e-05 -1.05502459e-11  1.50873830e-05  1.37933650e-12  1.50873830e-05  2.00000000e+00 
 1.51873830e-05 -1.05872103e+01  1.51873830e-05 -4.76406342e-05  1.51873830e-05  2.05873103e-11  1.51873830e-05 -1.11761095e-11  1.51873830e-05  2.94399610e-12  1.51873830e-05  2.00000000e+00 
 1.52873830e-05 -1.08978242e+01  1.52873830e-05 -4.76415296e-05  1.52873830e-05  2.08979242e-11  1.52873830e-05 -1.17973374e-11  1.52873830e-05  4.49706601e-12  1.52873830e-05  2.00000000e+00 
 1.53873830e-05 -1.12048945e+01  1.53873830e-05 -4.76424148e-05  1.53873830e-05  2.12049945e-11  1.53873830e-05 -1.24114780e-11  1.53873830e-05  6.03241740e-12  1.53873830e-05  2.00000000e+00 
 1.54873830e-05 -1.15072092e+01  1.54873830e-05 -4.76432860e-05  1.54873830e-05  2.15073092e-11  1.54873830e-05 -1.30161074e-11  1.54873830e-05  7.54399098e-12  1.54873830e-05  2.00000000e+00 
 1.55873830e-05 -1.18035753e+01  1.55873830e-05 -4.76441400e-05  1.55873830e-05  2.18036753e-11  1.55873830e-05 -1.36088395e-11  1.55873830e-05  9.02582125e-12  1.55873830e-05  2.00000000e+00 
 1.56873830e-05 -1.20928231e+01  1.56873830e-05 -4.76449732e-05  1.56873830e-05  2.20929231e-11  1.56873830e-05 -1.41873351e-11  1.56873830e-05  1.04720601e-11  1.56873830e-05  2.00000000e+00 
 1.57873830e-05 -1.23738110e+01  1.57873830e-05 -4.76457824e-05  1.57873830e-05  2.23739110e-11  1.57873830e-05 -1.47493110e-11  1.57873830e-05  1.18769999e-11  1.57873830e-05  2.00000000e+00 
 1.58873830e-05 -1.26454302e+01  1.58873830e-05 -4.76465642e-05  1.58873830e-05  2.26455302e-11  1.58873830e-05 -1.52925494e-11  1.58873830e-05  1.32350960e-11  1.58873830e-05  2.00000000e+00 
 1.59873830e-05 -1.29066088e+01  1.59873830e-05 -4.76473157e-05  1.59873830e-05  2.29067088e-11  1.59873830e-05 -1.58149065e-11  1.59873830e-05  1.45409886e-11  1.59873830e-05  2.00000000e+00 
 1.60873830e-05 -1.31563158e+01  1.60873830e-05 -4.76480337e-05  1.60873830e-05  2.31564158e-11  1.60873830e-05 -1.63143206e-11  1.60873830e-05  1.57895239e-11  1.60873830e-05  2.00000000e+00 
 1.61873830e-05 -1.33935660e+01  1.61873830e-05 -4.76487155e-05  1.61873830e-05  2.33936660e-11  1.61873830e-05 -1.67888209e-11  1.61873830e-05  1.69757746e-11  1.61873830e-05  2.00000000e+00 
 1.62873830e-05 -1.36174229e+01  1.62873830e-05 -4.76493582e-05  1.62873830e-05  2.36175229e-11  1.62873830e-05 -1.72365347e-11  1.62873830e-05  1.80950590e-11  1.62873830e-05  2.00000000e+00 
 1.63873830e-05 -1.38270030e+01  1.63873830e-05 -4.76499594e-05  1.63873830e-05  2.38271030e-11  1.63873830e-05 -1.76556950e-11  1.63873830e-05  1.91429599e-11  1.63873830e-05  2.00000000e+00 
 1.64873830e-05 -1.40214794e+01  1.64873830e-05 -4.76505166e-05  1.64873830e-05  2.40215794e-11  1.64873830e-05 -1.80446477e-11  1.64873830e-05  2.01153417e-11  1.64873830e-05  2.00000000e+00 
 1.65873830e-05 -1.42000844e+01  1.65873830e-05 -4.76510276e-05  1.65873830e-05  2.42001844e-11  1.65873830e-05 -1.84018577e-11  1.65873830e-05  2.10083667e-11  1.65873830e-05  2.00000000e+00 
 1.66873830e-05 -1.43621132e+01  1.66873830e-05 -4.76514903e-05  1.66873830e-05  2.43622132e-11  1.66873830e-05 -1.87259154e-11  1.66873830e-05  2.18185107e-11  1.66873830e-05  2.00000000e+00 
 1.67873830e-05 -1.45069263e+01  1.67873830e-05 -4.76519027e-05  1.67873830e-05  2.45070263e-11  1.67873830e-05 -1.90155416e-11  1.67873830e-05  2.25425765e-11  1.67873830e-05  2.00000000e+00 
 1.68873830e-05 -1.46339523e+01  1.68873830e-05 -4.76522635e-05  1.68873830e-05  2.46340523e-11  1.68873830e-05 -1.92695936e-11  1.68873830e-05  2.31777063e-11  1.68873830e-05  2.00000000e+00 
 1.69873830e-05 -1.47426898e+01  1.69873830e-05 -4.76525710e-05  1.69873830e-05  2.47427898e-11  1.69873830e-05 -1.94870685e-11  1.69873830e-05  2.37213937e-11  1.69873830e-05  2.00000000e+00 
 1.70873830e-05 -1.48327097e+01  1.70873830e-05 -4.76528239e-05  1.70873830e-05  2.48328097e-11  1.70873830e-05 -1.96671082e-11  1.70873830e-05  2.41714930e-11  1.70873830e-05  2.00000000e+00 
 1.71873830e-05 -1.49036566e+01  1.71873830e-05 -4.76530213e-05  1.71873830e-05  2.49037566e-11  1.71873830e-05 -1.98090022e-11  1.71873830e-05  2.45262278e-11  1.71873830e-05  2.00000000e+00 
 1.72873830e-05 -1.49552507e+01  1.72873830e-05 -4.76531623e-05  1.72873830e-05  2.49553507e-11  1.72873830e-05 -1.99121903e-11  1.72873830e-05  2.47841982e-11  1.72873830e-05  2.00000000e+00 
 1.73873830e-05 -1.49872883e+01  1.73873830e-05 -4.76532463e-05  1.73873830e-05  2.49873883e-11  1.73873830e-05 -1.99762655e-11  1.73873830e-05  2.49443860e-11  1.73873830e-05  2.00000000e+00 
 1.74873830e-05 -1.49996429e+01  1.74873830e-05 -4.76532731e-05  1.74873830e-05  2.49997429e-11  1.74873830e-05 -2.00009747e-11  1.74873830e-05  2.50061592e-11  1.74873830e-05  2.00000000e+00 
 1.75873830e-05 -1.49922658e+01  1.75873830e-05 -4.76532424e-05  1.75873830e-05  2.49923658e-11  1.75873830e-05 -1.99862206e-11  1.75873830e-05  2.49692738e-11  1.75873830e-05  2.00000000e+00 
 1.76873830e-05 -1.49651862e+01  1.76873830e-05 -4.76531542e-05  1.76873830e-05  2.49652862e-11  1.76873830e-05 -1.99320613e-11  1.76873830e-05  2.48338755e-11  1.76873830e-05  2.00000000e+00 
 1.77873830e-05 -1.49185108e+01  1.77873830e-05 -4.76530090e-05  1.77873830e-05  2.49186108e-11  1.77873830e-05 -1.98387105e-11  1.77873830e-05  2.46004987e-11  1.77873830e-05  2.00000000e+00 
 1.78873830e-05 -1.48524239e+01  1.78873830e-05 -4.76528073e-05  1.78873830e-05  2.48525239e-11  1.78873830e-05 -1.97065368e-11  1.78873830e-05  2.42700642e-11  1.78873830e-05  2.00000000e+00 
 1.79873830e-05 -1.47671863e+01  1.79873830e-05 -4.76525498e-05  1.79873830e-05  2.47672863e-11  1.79873830e-05 -1.95360616e-11  1.79873830e-05  2.38438763e-11  1.79873830e-05  2.00000000e+00 
 1.80873830e-05 -1.46631344e+01  1.80873830e-05 -4.76522375e-05  1.80873830e-05  2.46632344e-11  1.80873830e-05 -1.93279578e-11  1.80873830e-05  2.33236169e-11  1.80873830e-05  2.00000000e+00 
 1.81873830e-05 -1.45406789e+01  1.81873830e-05 -4.76518715e-05  1.81873830e-05  2.45407789e-11  1.81873830e-05 -1.90830468e-11  1.81873830e-05  2.27113393e-11  1.81873830e-05  2.00000000e+00 
 1.82873830e-05 -1.44003030e+01  1.82873830e-05 -4.76514535e-05  1.82873830e-05  2.44004030e-11  1.82873830e-05 -1.88022949e-11  1.82873830e-05  2.20094597e-11  1.82873830e-05  2.00000000e+00 
 1.83873830e-05 -1.42425607e+01  1.83873830e-05 -4.76509847e-05  1.83873830e-05  2.42426607e-11  1.83873830e-05 -1.84868103e-11  1.83873830e-05  2.12207482e-11  1.83873830e-05  2.00000000e+00 
 1.84873830e-05 -1.40680746e+01  1.84873830e-05 -4.76504673e-05  1.84873830e-05  2.40681746e-11  1.84873830e-05 -1.81378381e-11  1.84873830e-05  2.03483175e-11  1.84873830e-05  2.00000000e+00 
 1.85873830e-05 -1.38775332e+01  1.85873830e-05 -4.76499030e-05  1.85873830e-05  2.38776332e-11  1.85873830e-05 -1.77567553e-11  1.85873830e-05  1.93956107e-11  1.85873830e-05  2.00000000e+00 
 1.86873830e-05 -1.36716886e+01  1.86873830e-05 -4.76492943e-05  1.86873830e-05  2.36717886e-11  1.86873830e-05 -1.73450661e-11  1.86873830e-05  1.83663876e-11  1.86873830e-05  2.00000000e+00 
 1.87873830e-05 -1.34513531e+01  1.87873830e-05 -4.76486432e-05  1.87873830e-05  2.34514531e-11  1.87873830e-05 -1.69043951e-11  1.87873830e-05  1.72647102e-11  1.87873830e-05  2.00000000e+00 
 1.88873830e-05 -1.32173963e+01  1.88873830e-05 -4.76479526e-05  1.88873830e-05  2.32174963e-11  1.88873830e-05 -1.64364815e-11  1.88873830e-05  1.60949262e-11  1.88873830e-05  2.00000000e+00 
 1.89873830e-05 -1.29707415e+01  1.89873830e-05 -4.76472248e-05  1.89873830e-05  2.29708415e-11  1.89873830e-05 -1.59431720e-11  1.89873830e-05  1.48616523e-11  1.89873830e-05  2.00000000e+00 
 1.90873830e-05 -1.27123622e+01  1.90873830e-05 -4.76464631e-05  1.90873830e-05  2.27124622e-11  1.90873830e-05 -1.54264133e-11  1.90873830e-05  1.35697556e-11  1.90873830e-05  2.00000000e+00 
 1.91873830e-05 -1.24432780e+01  1.91873830e-05 -4.76456701e-05  1.91873830e-05  2.24433780e-11  1.91873830e-05 -1.48882449e-11  1.91873830e-05  1.22243347e-11  1.91873830e-05  2.00000000e+00 
 1.92873830e-05 -1.21645509e+01  1.92873830e-05 -4.76448490e-05  1.92873830e-05  2.21646509e-11  1.92873830e-05 -1.43307908e-11  1.92873830e-05  1.08306993e-11  1.92873830e-05  2.00000000e+00 
 1.93873830e-05 -1.18772809e+01  1.93873830e-05 -4.76440031e-05  1.93873830e-05  2.18773809e-11  1.93873830e-05 -1.37562508e-11  1.93873830e-05  9.39434945e-12  1.93873830e-05  2.00000000e+00 
 1.94873830e-05 -1.15826018e+01  1.94873830e-05 -4.76431355e-05  1.94873830e-05  2.15827018e-11  1.94873830e-05 -1.31668926e-11  1.94873830e-05  7.92095378e-12  1.94873830e-05  2.00000000e+00 
 1.95873830e-05 -1.12816765e+01  1.95873830e-05 -4.76422498e-05  1.95873830e-05  2.12817765e-11  1.95873830e-05 -1.25650419e-11  1.95873830e-05  6.41632710e-12  1.95873830e-05  2.00000000e+00 
 1.96873830e-05 -1.09756926e+01  1.96873830e-05 -4.76413493e-05  1.96873830e-05  2.09757926e-11  1.96873830e-05 -1.19530741e-11  1.96873830e-05  4.88640749e-12  1.96873830e-05  2.00000000e+00 
 1.97873830e-05 -1.06658576e+01  1.97873830e-05 -4.76404376e-05  1.97873830e-05  2.06659576e-11  1.97873830e-05 -1.13334042e-11  1.97873830e-05  3.33723282e-12  1.97873830e-05  2.00000000e+00 
 1.98873830e-05 -1.03533945e+01  1.98873830e-05 -4.76395182e-05  1.98873830e-05  2.03534945e-11  1.98873830e-05 -1.07084779e-11  1.98873830e-05  1.77491680e-12  1.98873830e-05  2.00000000e+00 
 1.99873830e-05 -1.00395362e+01  1.99873830e-05 -4.76385949e-05  1.99873830e-05  2.00396566e-11  1.99873830e-05 -1.00807612e-11  1.99873830e-05  2.05523017e-13  1.99873830e-05  2.00000000e+00 
 2.00873830e-05 -9.72552156e+00  2.00873830e-05 -4.76264337e-05  2.00873830e-05  2.35456004e-11  2.00873830e-05 -9.41453228e-12  2.00873830e-05 -2.06553406e-11  2.00873830e-05  2.00000000e+00 
 2.01873830e-05 -9.41258910e+00  2.01873830e-05  1.82973078e-03  2.01873830e-05  6.38200519e-07  2.01873830e-05  6.37298231e-09  2.01873830e-05 -3.22281750e-06  2.01873830e-05  2.00000000e+00 
 2.02873830e-05 -9.10191092e+00  2.02873830e-05  1.92626482e-01  2.02873830e-05  6.54965082e-05  2.02873830e-05  6.54956493e-07  2.02873830e-05 -3.30757273e-04  2.02873830e-05  2.00000000e+00 
 2.03873830e-05 -8.79474518e+00  2.03873830e-05  4.76284262e-01  2.03873830e-05  1.61921452e-04  2.03873830e-05  1.61920626e-06  2.03873830e-05 -8.17703240e-04  2.03873830e-05  2.00000000e+00 
 2.04873830e-05 -8.49233288e+00  2.04873830e-05  7.66248158e-01  2.04873830e-05  2.60490078e-04  2.04873830e-05  2.60489284e-06  2.04873830e-05 -1.31547480e-03  2.04873830e-05  2.00000000e+00 
 2.05873830e-05 -8.19586995e+00  2.05873830e-05  1.05411720e+00  2.05873830e-05  3.58346609e-04  2.05873830e-05  3.58345846e-06  2.05873830e-05 -1.80965029e-03  2.05873830e-05  2.00000000e+00 
 2.06873830e-05 -7.90652685e+00  2.06873830e-05  1.33738804e+00  2.06873830e-05  4.54640078e-04  2.06873830e-05  4.54639344e-06  2.06873830e-05 -2.29593231e-03  2.06873830e-05  2.00000000e+00 
 2.07873830e-05 -7.62544593e+00  2.07873830e-05  1.61361125e+00  2.07873830e-05  5.48537833e-04  2.07873830e-05  5.48537128e-06  2.07873830e-05 -2.77011597e-03  2.07873830e-05  2.00000000e+00 
 2.08873830e-05 -7.35373663e+00  2.08873830e-05  1.88126527e+00  2.08873830e-05  6.39522647e-04  2.08873830e-05  6.39521971e-06  2.08873830e-05 -3.22958928e-03  2.08873830e-05  2.00000000e+00 
 2.09873830e-05 -7.09247134e+00  2.09873830e-05  2.13911208e+00  2.09873830e-05  7.27173676e-04  2.09873830e-05  7.27173026e-06  2.09873830e-05 -3.67222698e-03  2.09873830e-05  2.00000000e+00 
 2.10873830e-05 -6.84268119e+00  2.10873830e-05  2.38598144e+00  2.10873830e-05  8.11093114e-04  2.10873830e-05  8.11092489e-06  2.10873830e-05 -4.09602014e-03  2.10873830e-05  2.00000000e+00 
 2.11873830e-05 -6.60535203e+00  2.11873830e-05  2.62078809e+00  2.11873830e-05  8.90912039e-04  2.11873830e-05  8.90911439e-06  2.11873830e-05 -4.49910572e-03  2.11873830e-05  2.00000000e+00 
 2.12873830e-05 -6.38142052e+00  2.12873830e-05  2.84252633e+00  2.12873830e-05  9.66288585e-04  2.12873830e-05  9.66288008e-06  2.12873830e-05 -4.87975727e-03  2.12873830e-05  2.00000000e+00 
 2.13873830e-05 -6.17177043e+00  2.13873830e-05  3.05026241e+00  2.13873830e-05  1.03690533e-03  2.13873830e-05  1.03690478e-05  2.13873830e-05 -5.23637186e-03  2.13873830e-05  2.00000000e+00 
 2.14873830e-05 -5.97722918e+00  2.14873830e-05  3.24313170e+00  2.14873830e-05  1.10246837e-03  2.14873830e-05  1.10246783e-05  2.14873830e-05 -5.56746519e-03  2.14873830e-05  2.00000000e+00 
 2.15873830e-05 -5.79856453e+00  2.15873830e-05  3.42033815e+00  2.15873830e-05  1.16270709e-03  2.15873830e-05  1.16270657e-05  2.15873830e-05 -5.87167072e-03  2.15873830e-05  2.00000000e+00 
 2.16873830e-05 -5.63648160e+00  2.16873830e-05  3.58115487e+00  2.16873830e-05  1.21737439e-03  2.16873830e-05  1.21737389e-05  2.16873830e-05 -6.14774058e-03  2.16873830e-05  2.00000000e+00 
 2.17873830e-05 -5.49162007e+00  2.17873830e-05  3.72492522e+00  2.17873830e-05  1.26624706e-03  2.17873830e-05  1.26624657e-05  2.17873830e-05 -6.39454757e-03  2.17873830e-05  2.00000000e+00 
 2.18873830e-05 -5.36455166e+00  2.18873830e-05  3.85106423e+00  2.18873830e-05  1.30912624e-03  2.18873830e-05  1.30912577e-05  2.18873830e-05 -6.61108746e-03  2.18873830e-05  2.00000000e+00 
 2.19873830e-05 -5.25577783e+00  2.19873830e-05  3.95906003e+00  2.19873830e-05  1.34583794e-03  2.19873830e-05  1.34583748e-05  2.19873830e-05 -6.79648155e-03  2.19873830e-05  2.00000000e+00 
 2.20873830e-05 -5.16572788e+00  2.20873830e-05  4.04847528e+00  2.20873830e-05  1.37623349e-03  2.20873830e-05  1.37623304e-05  2.20873830e-05 -6.94997906e-03  2.20873830e-05  2.00000000e+00 
 2.21873830e-05 -5.09475720e+00  2.21873830e-05  4.11894845e+00  2.21873830e-05  1.40018999e-03  2.21873830e-05  1.40018954e-05  2.21873830e-05 -7.07095937e-03  2.21873830e-05  2.00000000e+00 
 2.22873830e-05 -5.04314588e+00  2.22873830e-05  4.17019493e+00  2.22873830e-05  1.41761068e-03  2.22873830e-05  1.41761024e-05  2.22873830e-05 -7.15893387e-03  2.22873830e-05  2.00000000e+00 
 2.23873830e-05 -5.01109760e+00  2.23873830e-05  4.20200793e+00  2.23873830e-05  1.42842528e-03  2.23873830e-05  1.42842484e-05  2.23873830e-05 -7.21354759e-03  2.23873830e-05  2.00000000e+00 
 2.24873830e-05 -4.99873884e+00  2.24873830e-05  4.21425917e+00  2.24873830e-05  1.43259017e-03  2.24873830e-05  1.43258973e-05  2.24873830e-05 -7.23458028e-03  2.24873830e-05  2.00000000e+00 
 2.25873830e-05 -5.00611839e+00  2.25873830e-05  4.20689926e+00  2.25873830e-05  1.43008856e-03  2.25873830e-05  1.43008813e-05  2.25873830e-05 -7.22194718e-03  2.25873830e-05  2.00000000e+00 
 2.26873830e-05 -5.03320712e+00  2.26873830e-05  4.17995790e+00  2.26873830e-05  1.42093056e-03  2.26873830e-05  1.42093012e-05  2.26873830e-05 -7.17569924e-03  2.26873830e-05  2.00000000e+00 
 2.27873830e-05 -5.07989811e+00  2.27873830e-05  4.13354377e+00  2.27873830e-05  1.40515309e-03  2.27873830e-05  1.40515264e-05  2.27873830e-05 -7.09602303e-03  2.27873830e-05  2.00000000e+00 
 2.28873830e-05 -5.14600711e+00  2.28873830e-05  4.06784415e+00  2.28873830e-05  1.38281983e-03  2.28873830e-05  1.38281937e-05  2.28873830e-05 -6.98324005e-03  2.28873830e-05  2.00000000e+00 
 2.29873830e-05 -5.23127320e+00  2.29873830e-05  3.98312435e+00  2.29873830e-05  1.35402095e-03  2.29873830e-05  1.35402049e-05  2.29873830e-05 -6.83780575e-03  2.29873830e-05  2.00000000e+00 
 2.30873830e-05 -5.33535987e+00  2.30873830e-05  3.87972686e+00  2.30873830e-05  1.31887289e-03  2.30873830e-05  1.31887242e-05  2.30873830e-05 -6.66030803e-03  2.30873830e-05  2.00000000e+00 
 2.31873830e-05 -5.45785635e+00  2.31873830e-05  3.75807025e+00  2.31873830e-05  1.27751793e-03  2.31873830e-05  1.27751744e-05  2.31873830e-05 -6.45146545e-03  2.31873830e-05  2.00000000e+00 
 2.32873830e-05 -5.59827919e+00  2.32873830e-05  3.61864797e+00  2.32873830e-05  1.23012380e-03  2.32873830e-05  1.23012330e-05  2.32873830e-05 -6.21212509e-03  2.32873830e-05  2.00000000e+00 
 2.33873830e-05 -5.75607419e+00  2.33873830e-05  3.46202692e+00  2.33873830e-05  1.17688321e-03  2.33873830e-05  1.17688270e-05  2.33873830e-05 -5.94326014e-03  2.33873830e-05  2.00000000e+00 
 2.34873830e-05 -5.93061861e+00  2.34873830e-05  3.28884605e+00  2.34873830e-05  1.11801337e-03  2.34873830e-05  1.11801284e-05  2.34873830e-05 -5.64596743e-03  2.34873830e-05  2.00000000e+00 
 2.35873830e-05 -6.12122360e+00  2.35873830e-05  3.09981489e+00  2.35873830e-05  1.05375546e-03  2.35873830e-05  1.05375491e-05  2.35873830e-05 -5.32146501e-03  2.35873830e-05  2.00000000e+00 
 2.36873830e-05 -6.32713690e+00  2.36873830e-05  2.89571240e+00  2.36873830e-05  9.84374289e-04  2.36873830e-05  9.84373717e-06  2.36873830e-05 -4.97109008e-03  2.36873830e-05  2.00000000e+00 
 2.37873830e-05 -6.54754586e+00  2.37873830e-05  2.67738624e+00  2.37873830e-05  9.10157989e-04  2.37873830e-05  9.10157395e-06  2.37873830e-05 -4.59629776e-03  2.37873830e-05  2.00000000e+00 
 2.38873830e-05 -6.78158060e+00  2.38873830e-05  2.44575302e+00  2.38873830e-05  8.31418153e-04  2.38873830e-05  8.31417535e-06  2.38873830e-05 -4.19866159e-03  2.38873830e-05  2.00000000e+00 
 2.39873830e-05 -7.02831748e+00  2.39873830e-05  2.20180045e+00  2.39873830e-05  7.48490534e-04  2.39873830e-05  7.48489891e-06  2.39873830e-05 -3.77987711e-03  2.39873830e-05  2.00000000e+00 
 2.40873830e-05 -7.28678270e+00  2.40873830e-05  1.94659295e+00  2.40873830e-05  6.61736968e-04  2.40873830e-05  6.61736298e-06  2.40873830e-05 -3.34177160e-03  2.40873830e-05  2.00000000e+00 
 2.41873830e-05 -7.55595617e+00  2.41873830e-05  1.68128439e+00  2.41873830e-05  5.71549688e-04  2.41873830e-05  5.71548991e-06  2.41873830e-05 -2.88632584e-03  2.41873830e-05  2.00000000e+00 
 2.42873830e-05 -7.83477551e+00  2.42873830e-05  1.40714568e+00  2.42873830e-05  4.78360723e-04  2.42873830e-05  4.78359998e-06  2.42873830e-05 -2.41572157e-03  2.42873830e-05  2.00000000e+00 
 2.43873830e-05 -8.12214022e+00  2.43873830e-05  1.12562761e+00  2.43873830e-05  3.82663247e-04  2.43873830e-05  3.82662492e-06  2.43873830e-05 -1.93244931e-03  2.43873830e-05  2.00000000e+00 
 2.44873830e-05 -8.41691598e+00  2.44873830e-05  8.38518489e-01  2.44873830e-05  2.85065162e-04  2.44873830e-05  2.85064376e-06  2.44873830e-05 -1.43957898e-03  2.44873830e-05  2.00000000e+00 
 2.45873830e-05 -8.71793895e+00  2.45873830e-05  5.48414623e-01  2.45873830e-05  1.86449042e-04  2.45873830e-05  1.86448225e-06  2.45873830e-05 -9.41567572e-04  2.45873830e-05  2.00000000e+00 
 2.46873830e-05 -9.02401934e+00  2.46873830e-05  2.61752312e-01  2.46873830e-05  8.90028049e-05  2.46873830e-05  8.90019546e-07  2.46873830e-05 -4.49464072e-04  2.46873830e-05  2.00000000e+00 
 2.47873830e-05 -9.33393586e+00  2.47873830e-05  1.92966421e-02  2.47873830e-05  6.58389056e-06  2.47873830e-05  6.58300226e-08  2.47873830e-05 -3.32485529e-05  2.47873830e-05  2.00000000e+00 
 2.48873830e-05 -9.64640554e+00  2.48873830e-05 -7.12156468e-05  2.48873830e-05  9.85625671e-11  2.48873830e-05 -8.50613333e-12  2.48873830e-05 -4.00282169e-10  2.48873830e-05  2.00000000e+00 
 2.49873830e-05 -9.96026378e+00  2.49873830e-05 -7.14486978e-05  2.49873830e-05  1.99605504e-11  2.49873830e-05 -9.92300832e-12  2.49873830e-05 -1.87710236e-13  2.49873830e-05  2.00000000e+00 
 2.50873830e-05 -1.02742784e+01  2.50873830e-05 -7.14495990e-05  2.50873830e-05  2.02743786e-11  2.50873830e-05 -1.05510395e-11  2.50873830e-05  1.38330481e-12  2.50873830e-05  2.00000000e+00 
 2.51873830e-05 -1.05872103e+01  2.51873830e-05 -7.14504966e-05  2.51873830e-05  2.05873103e-11  2.51873830e-05 -1.11769032e-11  2.51873830e-05  2.94796441e-12  2.51873830e-05  2.00000000e+00 
 2.52873830e-05 -1.08978242e+01  2.52873830e-05 -7.14513874e-05  2.52873830e-05  2.08979242e-11  2.52873830e-05 -1.17981311e-11  2.52873830e-05  4.50103432e-12  2.52873830e-05  2.00000000e+00 
 2.53873830e-05 -1.12048945e+01  2.53873830e-05 -7.14522679e-05  2.53873830e-05  2.12049945e-11  2.53873830e-05 -1.24122717e-11  2.53873830e-05  6.03638571e-12  2.53873830e-05  2.00000000e+00 
 2.54873830e-05 -1.15072092e+01  2.54873830e-05 -7.14531346e-05  2.54873830e-05  2.15073092e-11  2.54873830e-05 -1.30169011e-11  2.54873830e-05  7.54795928e-12  2.54873830e-05  2.00000000e+00 
 2.55873830e-05 -1.18035753e+01  2.55873830e-05 -7.14539839e-05  2.55873830e-05  2.18036753e-11  2.55873830e-05 -1.36096332e-11  2.55873830e-05  9.02978955e-12  2.55873830e-05  2.00000000e+00 
 2.56873830e-05 -1.20928231e+01  2.56873830e-05 -7.14548125e-05  2.56873830e-05  2.20929231e-11  2.56873830e-05 -1.41881287e-11  2.56873830e-05  1.04760284e-11  2.56873830e-05  2.00000000e+00 
 2.57873830e-05 -1.23738110e+01  2.57873830e-05 -7.14556170e-05  2.57873830e-05  2.23739110e-11  2.57873830e-05 -1.47501047e-11  2.57873830e-05  1.18809682e-11  2.57873830e-05  2.00000000e+00 
 2.58873830e-05 -1.26454302e+01  2.58873830e-05 -7.14563943e-05  2.58873830e-05  2.26455302e-11  2.58873830e-05 -1.52933431e-11  2.58873830e-05  1.32390643e-11  2.58873830e-05  2.00000000e+00 
 2.59873830e-05 -1.29066088e+01  2.59873830e-05 -7.14571412e-05  2.59873830e-05  2.29067088e-11  2.59873830e-05 -1.58157001e-11  2.59873830e-05  1.45449569e-11  2.59873830e-05  2.00000000e+00 
 2.60873830e-05 -1.31563158e+01  2.60873830e-05 -7.14578544e-05  2.60873830e-05  2.31564158e-11  2.60873830e-05 -1.63151143e-11  2.60873830e-05  1.57934922e-11  2.60873830e-05  2.00000000e+00 
 2.61873830e-05 -1.33935660e+01  2.61873830e-05 -7.14585317e-05  2.61873830e-05  2.33936660e-11  2.61873830e-05 -1.67896145e-11  2.61873830e-05  1.69797429e-11  2.61873830e-05  2.00000000e+00 
 2.62873830e-05 -1.36174229e+01  2.62873830e-05 -7.14591697e-05  2.62873830e-05  2.36175229e-11  2.62873830e-05 -1.72373283e-11  2.62873830e-05  1.80990273e-11  2.62873830e-05  2.00000000e+00 
 2.63873830e-05 -1.38270030e+01  2.63873830e-05 -7.14597663e-05  2.63873830e-05  2.38271030e-11  2.63873830e-05 -1.76564887e-11  2.63873830e-05  1.91469282e-11  2.63873830e-05  2.00000000e+00 
 2.64873830e-05 -1.40214794e+01  2.64873830e-05 -7.14603189e-05  2.64873830e-05  2.40215794e-11  2.64873830e-05 -1.80454414e-11  2.64873830e-05  2.01193100e-11  2.64873830e-05  2.00000000e+00 
 2.65873830e-05 -1.42000844e+01  2.65873830e-05 -7.14608252e-05  2.65873830e-05  2.42001844e-11  2.65873830e-05 -1.84026514e-11  2.65873830e-05  2.10123350e-11  2.65873830e-05  2.00000000e+00 
 2.66873830e-05 -1.43621132e+01  2.66873830e-05 -7.14612833e-05  2.66873830e-05  2.43622132e-11  2.66873830e-05 -1.87267090e-11  2.66873830e-05  2.18224790e-11  2.66873830e-05  2.00000000e+00 
 2.67873830e-05 -1.45069263e+01  2.67873830e-05 -7.14616912e-05  2.67873830e-05  2.45070263e-11  2.67873830e-05 -1.90163353e-11  2.67873830e-05  2.25465448e-11  2.67873830e-05  2.00000000e+00 
 2.68873830e-05 -1.46339523e+01  2.68873830e-05 -7.14620474e-05  2.68873830e-05  2.46340523e-11  2.68873830e-05 -1.92703872e-11  2.68873830e-05  2.31816746e-11  2.68873830e-05  2.00000000e+00 
 2.69873830e-05 -1.47426898e+01  2.69873830e-05 -7.14623500e-05  2.69873830e-05  2.47427898e-11  2.69873830e-05 -1.94878622e-11  2.69873830e-05  2.37253620e-11  2.69873830e-05  2.00000000e+00 
 2.70873830e-05 -1.48327097e+01  2.70873830e-05 -7.14625985e-05  2.70873830e-05  2.48328097e-11  2.70873830e-05 -1.96679019e-11  2.70873830e-05  2.41754613e-11  2.70873830e-05  2.00000000e+00 
 2.71873830e-05 -1.49036566e+01  2.71873830e-05 -7.14627912e-05  2.71873830e-05  2.49037566e-11  2.71873830e-05 -1.98097958e-11  2.71873830e-05  2.45301961e-11  2.71873830e-05  2.00000000e+00 
 2.72873830e-05 -1.49552507e+01  2.72873830e-05 -7.14629276e-05  2.72873830e-05  2.49553507e-11  2.72873830e-05 -1.99129840e-11  2.72873830e-05  2.47881665e-11  2.72873830e-05  2.00000000e+00 
 2.73873830e-05 -1.49872883e+01  2.73873830e-05 -7.14630071e-05  2.73873830e-05  2.49873883e-11  2.73873830e-05 -1.99770591e-11  2.73873830e-05  2.49483543e-11  2.73873830e-05  2.00000000e+00 
 2.74873830e-05 -1.49996429e+01  2.74873830e-05 -7.14630292e-05  2.74873830e-05  2.49997429e-11  2.74873830e-05 -2.00017684e-11  2.74873830e-05  2.50101275e-11  2.74873830e-05  2.00000000e+00 
 2.75873830e-05 -1.49922658e+01  2.75873830e-05 -7.14629939e-05  2.75873830e-05  2.49923658e-11  2.75873830e-05 -1.99870142e-11  2.75873830e-05  2.49732421e-11  2.75873830e-05  2.00000000e+00 
 2.76873830e-05 -1.49651862e+01  2.76873830e-05 -7.14629011e-05  2.76873830e-05  2.49652862e-11  2.76873830e-05 -1.99328549e-11  2.76873830e-05  2.48378438e-11  2.76873830e-05  2.00000000e+00 
 2.77873830e-05 -1.49185108e+01  2.77873830e-05 -7.14627513e-05  2.77873830e-05  2.49186108e-11  2.77873830e-05 -1.98395042e-11  2.77873830e-05  2.46044669e-11  2.77873830e-05  2.00000000e+00 
 2.78873830e-05 -1.48524239e+01  2.78873830e-05 -7.14625448e-05  2.78873830e-05  2.48525239e-11  2.78873830e-05 -1.97073304e-11  2.78873830e-05  2.42740325e-11  2.78873830e-05  2.00000000e+00 
 2.79873830e-05 -1.47671863e+01  2.79873830e-05 -7.14622827e-05  2.79873830e-05  2.47672863e-11  2.79873830e-05 -1.95368553e-11  2.79873830e-05  2.38478446e-11  2.79873830e-05  2.00000000e+00 
 2.80873830e-05 -1.46631344e+01  2.80873830e-05 -7.14619657e-05  2.80873830e-05  2.46632344e-11  2.80873830e-05 -1.93287515e-11  2.80873830e-05  2.33275852e-11  2.80873830e-05  2.00000000e+00 
 2.81873830e-05 -1.45406789e+01  2.81873830e-05 -7.14615951e-05  2.81873830e-05  2.45407789e-11  2.81873830e-05 -1.90838404e-11  2.81873830e-05  2.27153075e-11  2.81873830e-05  2.00000000e+00 
 2.82873830e-05 -1.44003030e+01  2.82873830e-05 -7.14611725e-05  2.82873830e-05  2.44004030e-11  2.82873830e-05 -1.88030886e-11  2.82873830e-05  2.20134280e-11  2.82873830e-05  2.00000000e+00 
 2.83873830e-05 -1.42425607e+01  2.83873830e-05 -7.14606991e-05  2.83873830e-05  2.42426607e-11  2.83873830e-05 -1.84876040e-11  2.83873830e-05  2.12247165e-11  2.83873830e-05  2.00000000e+00 
 2.84873830e-05 -1.40680746e+01  2.84873830e-05 -7.14601771e-05  2.84873830e-05  2.40681746e-11  2.84873830e-05 -1.81386317e-11  2.84873830e-05  2.03522858e-11  2.84873830e-05  2.00000000e+00 
 2.85873830e-05 -1.38775332e+01  2.85873830e-05 -7.14596082e-05  2.85873830e-05  2.38776332e-11  2.85873830e-05 -1.77575490e-11  2.85873830e-05  1.93995789e-11  2.85873830e-05  2.00000000e+00 
 2.86873830e-05 -1.36716886e+01  2.86873830e-05 -7.14589949e-05  2.86873830e-05  2.36717886e-11  2.86873830e-05 -1.73458598e-11  2.86873830e-05  1.83703559e-11  2.86873830e-05  2.00000000e+00 
 2.87873830e-05 -1.34513531e+01  2.87873830e-05 -7.14583392e-05  2.87873830e-05  2.34514531e-11  2.87873830e-05 -1.69051888e-11  2.87873830e-05  1.72686785e-11  2.87873830e-05  2.00000000e+00 
 2.88873830e-05 -1.32173963e+01  2.88873830e-05 -7.14576438e-05  2.88873830e-05  2.32174963e-11  2.88873830e-05 -1.64372752e-11  2.88873830e-05  1.60988945e-11  2.88873830e-05  2.00000000e+00 
 2.89873830e-05 -1.29707415e+01  2.89873830e-05 -7.14569116e-05  2.89873830e-05  2.29708415e-11  2.89873830e-05 -1.59439656e-11  2.89873830e-05  1.48656206e-11  2.89873830e-05  2.00000000e+00 
 2.90873830e-05 -1.27123622e+01  2.90873830e-05 -7.14561451e-05  2.90873830e-05  2.27124622e-11  2.90873830e-05 -1.54272070e-11  2.90873830e-05  1.35737239e-11  2.90873830e-05  2.00000000e+00 
 2.91873830e-05 -1.24432780e+01  2.91873830e-05 -7.14553475e-05  2.91873830e-05  2.24433780e-11  2.91873830e-05 -1.48890386e-11  2.91873830e-05  1.22283030e-11  2.91873830e-05  2.00000000e+00 
 2.92873830e-05 -1.21645509e+01  2.92873830e-05 -7.14545218e-05  2.92873830e-05  2.21646509e-11  2.92873830e-05 -1.43315844e-11  2.92873830e-05  1.08346676e-11  2.92873830e-05  2.00000000e+00 
 2.93873830e-05 -1.18772809e+01  2.93873830e-05 -7.14536712e-05  2.93873830e-05  2.18773809e-11  2.93873830e-05 -1.37570445e-11  2.93873830e-05  9.39831772e-12  2.93873830e-05  2.00000000e+00 
 2.94873830e-05 -1.15826018e+01  2.94873830e-05 -7.14527991e-05  2.94873830e-05  2.15827018e-11  2.94873830e-05 -1.31676862e-11  2.94873830e-05  7.92492205e-12  2.94873830e-05  2.00000000e+00 
 2.95873830e-05 -1.12816765e+01  2.95873830e-05 -7.14519087e-05  2.95873830e-05  2.12817765e-11  2.95873830e-05 -1.25658355e-11  2.95873830e-05  6.42029537e-12  2.95873830e-05  2.00000000e+00 
 2.96873830e-05 -1.09756926e+01  2.96873830e-05 -7.14510036e-05  2.96873830e-05  2.09757926e-11  2.96873830e-05 -1.19538677e-11  2.96873830e-05  4.89037576e-12  2.96873830e-05  2.00000000e+00 
 2.97873830e-05 -1.06658576e+01  2.97873830e-05 -7.14500873e-05  2.97873830e-05  2.06659576e-11  2.97873830e-05 -1.13341978e-11  2.97873830e-05  3.34120109e-12  2.97873830e-05  2.00000000e+00 
 2.98873830e-05 -1.03533945e+01  2.98873830e-05 -7.14491634e-05  2.98873830e-05  2.03534945e-11  2.98873830e-05 -1.07092715e-11  2.98873830e-05  1.77888507e-12  2.98873830e-05  2.00000000e+00 
 2.99873830e-05 -1.00395362e+01  2.99873830e-05 -7.14482354e-05  2.99873830e-05  2.00396560e-11  2.99873830e-05 -1.00815549e-11  2.99873830e-05  2.09494398e-13  2.99873830e-05  2.00000000e+00 
 3.00873830e-05 -9.72552156e+00  3.00873830e-05 -7.14364092e-05  3.00873830e-05  2.34301660e-11  3.00873830e-05 -9.41648028e-12  3.00873830e-05 -2.00684288e-11  3.00873830e-05  2.00000000e+00 
 3.01873830e-05 -9.41258912e+00  3.01873830e-05  1.75292409e-03  3.01873830e-05  6.20185015e-07  3.01873830e-05  6.19282653e-09  3.01873830e-05 -3.13183921e-06  3.01873830e-05  2.00000000e+00 
 3.02873830e-05 -9.10191116e+00  3.02873830e-05  1.91893201e-01  3.02873830e-05  6.52553346e-05  3.02873830e-05  6.52544757e-07  3.02873830e-05 -3.29539347e-04  3.02873830e-05  2.00000000e+00 
 3.03873830e-05 -8.79474543e+00  3.03873830e-05  4.75503873e-01  3.03873830e-05  1.61664265e-04  3.03873830e-05  1.61663439e-06  3.03873830e-05 -8.16404445e-04  3.03873830e-05  2.00000000e+00 
 3.04873830e-05 -8.49233314e+00  3.04873830e-05  7.65455722e-01  3.04873830e-05  2.60228795e-04  3.04873830e-05  2.60228001e-06  3.04873830e-05 -1.31415533e-03  3.04873830e-05  2.00000000e+00 
 3.05873830e-05 -8.19587021e+00  3.05873830e-05  1.05331788e+00  3.05873830e-05  3.58082988e-04  3.05873830e-05  3.58082225e-06  3.05873830e-05 -1.80831900e-03  3.05873830e-05  2.00000000e+00 
 3.06873830e-05 -7.90652711e+00  3.06873830e-05  1.33658530e+00  3.06873830e-05  4.54375292e-04  3.06873830e-05  4.54374559e-06  3.06873830e-05 -2.29459514e-03  3.06873830e-05  2.00000000e+00 
 3.07873830e-05 -7.62544619e+00  3.07873830e-05  1.61280628e+00  3.07873830e-05  5.48272290e-04  3.07873830e-05  5.48271586e-06  3.07873830e-05 -2.76877498e-03  3.07873830e-05  2.00000000e+00 
 3.08873830e-05 -7.35373690e+00  3.08873830e-05  1.88045859e+00  3.08873830e-05  6.39256523e-04  3.08873830e-05  6.39255847e-06  3.08873830e-05 -3.22824536e-03  3.08873830e-05  2.00000000e+00 
 3.09873830e-05 -7.09247160e+00  3.09873830e-05  2.13830413e+00  3.09873830e-05  7.26907120e-04  3.09873830e-05  7.26906470e-06  3.09873830e-05 -3.67088087e-03  3.09873830e-05  2.00000000e+00 
 3.10873830e-05 -6.84268145e+00  3.10873830e-05  2.38517253e+00  3.10873830e-05  8.10826231e-04  3.10873830e-05  8.10825607e-06  3.10873830e-05 -4.09467238e-03  3.10873830e-05  2.00000000e+00 
 3.11873830e-05 -6.60535230e+00  3.11873830e-05  2.61997843e+00  3.11873830e-05  8.90644903e-04  3.11873830e-05  8.90644303e-06  3.11873830e-05 -4.49775668e-03  3.11873830e-05  2.00000000e+00 
 3.12873830e-05 -6.38142079e+00  3.12873830e-05  2.84171608e+00  3.12873830e-05  9.66021246e-04  3.12873830e-05  9.66020669e-06  3.12873830e-05 -4.87840721e-03  3.12873830e-05  2.00000000e+00 
 3.13873830e-05 -6.17177070e+00  3.13873830e-05  3.04945168e+00  3.13873830e-05  1.03663783e-03  3.13873830e-05  1.03663728e-05  3.13873830e-05 -5.23502099e-03  3.13873830e-05  2.00000000e+00 
 3.14873830e-05 -5.97722944e+00  3.14873830e-05  3.24232059e+00  3.14873830e-05  1.10220074e-03  3.14873830e-05  1.10220020e-05  3.14873830e-05 -5.56611365e-03  3.14873830e-05  2.00000000e+00 
 3.15873830e-05 -5.79856479e+00  3.15873830e-05  3.41952672e+00  3.15873830e-05  1.16243935e-03  3.15873830e-05  1.16243883e-05  3.15873830e-05 -5.87031863e-03  3.15873830e-05  2.00000000e+00 
 3.16873830e-05 -5.63648187e+00  3.16873830e-05  3.58034318e+00  3.16873830e-05  1.21710656e-03  3.16873830e-05  1.21710606e-05  3.16873830e-05 -6.14638804e-03  3.16873830e-05  2.00000000e+00 
 3.17873830e-05 -5.49162034e+00  3.17873830e-05  3.72411332e+00  3.17873830e-05  1.26597916e-03  3.17873830e-05  1.26597867e-05  3.17873830e-05 -6.39319466e-03  3.17873830e-05  2.00000000e+00 
 3.18873830e-05 -5.36455192e+00  3.18873830e-05  3.85025215e+00  3.18873830e-05  1.30885828e-03  3.18873830e-05  1.30885781e-05  3.18873830e-05 -6.60973426e-03  3.18873830e-05  2.00000000e+00 
 3.19873830e-05 -5.25577809e+00  3.19873830e-05  3.95824781e+00  3.19873830e-05  1.34556994e-03  3.19873830e-05  1.34556948e-05  3.19873830e-05 -6.79512811e-03  3.19873830e-05  2.00000000e+00 
 3.20873830e-05 -5.16572815e+00  3.20873830e-05  4.04766295e+00  3.20873830e-05  1.37596545e-03  3.20873830e-05  1.37596499e-05  3.20873830e-05 -6.94862544e-03  3.20873830e-05  2.00000000e+00 
 3.21873830e-05 -5.09475747e+00  3.21873830e-05  4.11813604e+00  3.21873830e-05  1.39992192e-03  3.21873830e-05  1.39992147e-05  3.21873830e-05 -7.06960561e-03  3.21873830e-05  2.00000000e+00 
 3.22873830e-05 -5.04314614e+00  3.22873830e-05  4.16938247e+00  3.22873830e-05  1.41734259e-03  3.22873830e-05  1.41734215e-05  3.22873830e-05 -7.15758002e-03  3.22873830e-05  2.00000000e+00 
 3.23873830e-05 -5.01109786e+00  3.23873830e-05  4.20119544e+00  3.23873830e-05  1.42815718e-03  3.23873830e-05  1.42815674e-05  3.23873830e-05 -7.21219368e-03  3.23873830e-05  2.00000000e+00 
 3.24873830e-05 -4.99873911e+00  3.24873830e-05  4.21344667e+00  3.24873830e-05  1.43232207e-03  3.24873830e-05  1.43232163e-05  3.24873830e-05 -7.23322636e-03  3.24873830e-05  2.00000000e+00 
 3.25873830e-05 -5.00611866e+00  3.25873830e-05  4.20608678e+00  3.25873830e-05  1.42982047e-03  3.25873830e-05  1.42982003e-05  3.25873830e-05 -7.22059328e-03  3.25873830e-05  2.00000000e+00 
 3.26873830e-05 -5.03320738e+00  3.26873830e-05  4.17914545e+00  3.26873830e-05  1.42066247e-03  3.26873830e-05  1.42066203e-05  3.26873830e-05 -7.17434541e-03  3.26873830e-05  2.00000000e+00 
 3.27873830e-05 -5.07989838e+00  3.27873830e-05  4.13273138e+00  3.27873830e-05  1.40488502e-03  3.27873830e-05  1.40488458e-05  3.27873830e-05 -7.09466929e-03  3.27873830e-05  2.00000000e+00 
 3.28873830e-05 -5.14600737e+00  3.28873830e-05  4.06703184e+00  3.28873830e-05  1.38255179e-03  3.28873830e-05  1.38255134e-05  3.28873830e-05 -6.98188646e-03  3.28873830e-05  2.00000000e+00 
 3.29873830e-05 -5.23127346e+00  3.29873830e-05  3.98231216e+00  3.29873830e-05  1.35375295e-03  3.29873830e-05  1.35375249e-05  3.29873830e-05 -6.83645235e-03  3.29873830e-05  2.00000000e+00 
 3.30873830e-05 -5.33536014e+00  3.30873830e-05  3.87891481e+00  3.30873830e-05  1.31860494e-03  3.30873830e-05  1.31860447e-05  3.30873830e-05 -6.65895487e-03  3.30873830e-05  2.00000000e+00 
 3.31873830e-05 -5.45785662e+00  3.31873830e-05  3.75725837e+00  3.31873830e-05  1.27725003e-03  3.31873830e-05  1.27724955e-05  3.31873830e-05 -6.45011260e-03  3.31873830e-05  2.00000000e+00 
 3.32873830e-05 -5.59827945e+00  3.32873830e-05  3.61783630e+00  3.32873830e-05  1.22985598e-03  3.32873830e-05  1.22985548e-05  3.32873830e-05 -6.21077260e-03  3.32873830e-05  2.00000000e+00 
 3.33873830e-05 -5.75607446e+00  3.33873830e-05  3.46121551e+00  3.33873830e-05  1.17661548e-03  3.33873830e-05  1.17661497e-05  3.33873830e-05 -5.94190809e-03  3.33873830e-05  2.00000000e+00 
 3.34873830e-05 -5.93061888e+00  3.34873830e-05  3.28803495e+00  3.34873830e-05  1.11774574e-03  3.34873830e-05  1.11774521e-05  3.34873830e-05 -5.64461592e-03  3.34873830e-05  2.00000000e+00 
 3.35873830e-05 -6.12122386e+00  3.35873830e-05  3.09900417e+00  3.35873830e-05  1.05348797e-03  3.35873830e-05  1.05348742e-05  3.35873830e-05 -5.32011415e-03  3.35873830e-05  2.00000000e+00 
 3.36873830e-05 -6.32713716e+00  3.36873830e-05  2.89490215e+00  3.36873830e-05  9.84106949e-04  3.36873830e-05  9.84106377e-06  3.36873830e-05 -4.96974001e-03  3.36873830e-05  2.00000000e+00 
 3.37873830e-05 -6.54754612e+00  3.37873830e-05  2.67657656e+00  3.37873830e-05  9.09890844e-04  3.37873830e-05  9.09890250e-06  3.37873830e-05 -4.59494868e-03  3.37873830e-05  2.00000000e+00 
 3.38873830e-05 -6.78158087e+00  3.38873830e-05  2.44494406e+00  3.38873830e-05  8.31151251e-04  3.38873830e-05  8.31150633e-06  3.38873830e-05 -4.19731374e-03  3.38873830e-05  2.00000000e+00 
 3.39873830e-05 -7.02831775e+00  3.39873830e-05  2.20099240e+00  3.39873830e-05  7.48223943e-04  3.39873830e-05  7.48223299e-06  3.39873830e-05 -3.77853083e-03  3.39873830e-05  2.00000000e+00 
 3.40873830e-05 -7.28678297e+00  3.40873830e-05  1.94578610e+00  3.40873830e-05  6.61470783e-04  3.40873830e-05  6.61470113e-06  3.40873830e-05 -3.34042737e-03  3.40873830e-05  2.00000000e+00 
 3.41873830e-05 -7.55595644e+00  3.41873830e-05  1.68047915e+00  3.41873830e-05  5.71284053e-04  3.41873830e-05  5.71283356e-06  3.41873830e-05 -2.88498438e-03  3.41873830e-05  2.00000000e+00 
 3.42873830e-05 -7.83477578e+00  3.42873830e-05  1.40634274e+00  3.42873830e-05  4.78095868e-04  3.42873830e-05  4.78095142e-06  3.42873830e-05 -2.41438405e-03  3.42873830e-05  2.00000000e+00 
 3.43873830e-05 -8.12214048e+00  3.43873830e-05  1.12482815e+00  3.43873830e-05  3.82399574e-04  3.43873830e-05  3.82398818e-06  3.43873830e-05 -1.93111776e-03  3.43873830e-05  2.00000000e+00 
 3.44873830e-05 -8.41691624e+00  3.44873830e-05  8.37724836e-01  3.44873830e-05  2.84803463e-04  3.44873830e-05  2.84802677e-06  3.44873830e-05 -1.43825740e-03  3.44873830e-05  2.00000000e+00 
 3.45873830e-05 -8.71793920e+00  3.45873830e-05  5.47632381e-01  3.45873830e-05  1.86191223e-04  3.45873830e-05  1.86190405e-06  3.45873830e-05 -9.40265585e-04  3.45873830e-05  2.00000000e+00 
 3.46873830e-05 -9.02401958e+00  3.46873830e-05  2.61006249e-01  3.46873830e-05  8.87572843e-05  3.46873830e-05  8.87564340e-07  3.46873830e-05 -4.48224193e-04  3.46873830e-05  2.00000000e+00 
 3.47873830e-05 -9.33393598e+00  3.47873830e-05  1.89348065e-02  3.47873830e-05  6.46898163e-06  3.47873830e-05  6.46809328e-08  3.47873830e-05 -3.26682628e-05  3.47873830e-05  2.00000000e+00 
 3.48873830e-05 -9.64640554e+00  3.48873830e-05 -9.50251763e-05  3.48873830e-05  9.61785573e-11  3.48873830e-05 -8.53076683e-12  3.48873830e-05 -3.88238952e-10  3.48873830e-05  2.00000000e+00 
 3.49873830e-05 -9.96026378e+00  3.49873830e-05 -9.52512095e-05  3.49873830e-05  1.99605542e-11  3.49873830e-05 -9.92380170e-12  3.49873830e-05 -1.83762574e-13  3.49873830e-05  2.00000000e+00 
 3.50873830e-05 -1.02742784e+01  3.50873830e-05 -9.52521059e-05  3.50873830e-05  2.02743786e-11  3.50873830e-05 -1.05518329e-11  3.50873830e-05  1.38727190e-12  3.50873830e-05  2.00000000e+00 
 3.51873830e-05 -1.05872103e+01  3.51873830e-05 -9.52529989e-05  3.51873830e-05  2.05873103e-11  3.51873830e-05 -1.11776966e-11  3.51873830e-05  2.95193149e-12  3.51873830e-05  2.00000000e+00 
 3.52873830e-05 -1.08978242e+01  3.52873830e-05 -9.52538850e-05  3.52873830e-05  2.08979242e-11  3.52873830e-05 -1.17989245e-11  3.52873830e-05  4.50500140e-12  3.52873830e-05  2.00000000e+00 
 3.53873830e-05 -1.12048945e+01  3.53873830e-05 -9.52547609e-05  3.53873830e-05  2.12049945e-11  3.53873830e-05 -1.24130651e-11  3.53873830e-05  6.04035279e-12  3.53873830e-05  2.00000000e+00 
 3.54873830e-05 -1.15072092e+01  3.54873830e-05 -9.52556228e-05  3.54873830e-05  2.15073092e-11  3.54873830e-05 -1.30176945e-11  3.54873830e-05  7.55192637e-12  3.54873830e-05  2.00000000e+00 
 3.55873830e-05 -1.18035753e+01  3.55873830e-05 -9.52564676e-05  3.55873830e-05  2.18036753e-11  3.55873830e-05 -1.36104266e-11  3.55873830e-05  9.03375663e-12  3.55873830e-05  2.00000000e+00 
 3.56873830e-05 -1.20928231e+01  3.56873830e-05 -9.52572917e-05  3.56873830e-05  2.20929231e-11  3.56873830e-05 -1.41889222e-11  3.56873830e-05  1.04799955e-11  3.56873830e-05  2.00000000e+00 
 3.57873830e-05 -1.23738110e+01  3.57873830e-05 -9.52580915e-05  3.57873830e-05  2.23739110e-11  3.57873830e-05 -1.47508981e-11  3.57873830e-05  1.18849353e-11  3.57873830e-05  2.00000000e+00 
 3.58873830e-05 -1.26454302e+01  3.58873830e-05 -9.52588642e-05  3.58873830e-05  2.26455302e-11  3.58873830e-05 -1.52941365e-11  3.58873830e-05  1.32430314e-11  3.58873830e-05  2.00000000e+00 
 3.59873830e-05 -1.29066088e+01  3.59873830e-05 -9.52596065e-05  3.59873830e-05  2.29067088e-11  3.59873830e-05 -1.58164936e-11  3.59873830e-05  1.45489240e-11  3.59873830e-05  2.00000000e+00 
 3.60873830e-05 -1.31563158e+01  3.60873830e-05 -9.52603152e-05  3.60873830e-05  2.31564158e-11  3.60873830e-05 -1.63159077e-11  3.60873830e-05  1.57974593e-11  3.60873830e-05  2.00000000e+00 
 3.61873830e-05 -1.33935660e+01  3.61873830e-05 -9.52609876e-05  3.61873830e-05  2.33936660e-11  3.61873830e-05 -1.67904080e-11  3.61873830e-05  1.69837100e-11  3.61873830e-05  2.00000000e+00 
 3.62873830e-05 -1.36174229e+01  3.62873830e-05 -9.52616212e-05  3.62873830e-05  2.36175229e-11  3.62873830e-05 -1.72381217e-11  3.62873830e-05  1.81029944e-11  3.62873830e-05  2.00000000e+00 
 3.63873830e-05 -1.38270030e+01  3.63873830e-05 -9.52622132e-05  3.63873830e-05  2.38271030e-11  3.63873830e-05 -1.76572821e-11  3.63873830e-05  1.91508953e-11  3.63873830e-05  2.00000000e+00 
 3.64873830e-05 -1.40214794e+01  3.64873830e-05 -9.52627611e-05  3.64873830e-05  2.40215794e-11  3.64873830e-05 -1.80462348e-11  3.64873830e-05  2.01232770e-11  3.64873830e-05  2.00000000e+00 
 3.65873830e-05 -1.42000844e+01  3.65873830e-05 -9.52632628e-05  3.65873830e-05  2.42001844e-11  3.65873830e-05 -1.84034448e-11  3.65873830e-05  2.10163021e-11  3.65873830e-05  2.00000000e+00 
 3.66873830e-05 -1.43621132e+01  3.66873830e-05 -9.52637163e-05  3.66873830e-05  2.43622132e-11  3.66873830e-05 -1.87275024e-11  3.66873830e-05  2.18264461e-11  3.66873830e-05  2.00000000e+00 
 3.67873830e-05 -1.45069263e+01  3.67873830e-05 -9.52641196e-05  3.67873830e-05  2.45070263e-11  3.67873830e-05 -1.90171287e-11  3.67873830e-05  2.25505118e-11  3.67873830e-05  2.00000000e+00 
 3.68873830e-05 -1.46339523e+01  3.68873830e-05 -9.52644711e-05  3.68873830e-05  2.46340523e-11  3.68873830e-05 -1.92711806e-11  3.68873830e-05  2.31856417e-11  3.68873830e-05  2.00000000e+00 
 3.69873830e-05 -1.47426898e+01  3.69873830e-05 -9.52647692e-05  3.69873830e-05  2.47427898e-11  3.69873830e-05 -1.94886556e-11  3.69873830e-05  2.37293291e-11  3.69873830e-05  2.00000000e+00 
 3.70873830e-05 -1.48327097e+01  3.70873830e-05 -9.52650129e-05  3.70873830e-05  2.48328097e-11  3.70873830e-05 -1.96686953e-11  3.70873830e-05  2.41794283e-11  3.70873830e-05  2.00000000e+00 
 3.71873830e-05 -1.49036566e+01  3.71873830e-05 -9.52652011e-05  3.71873830e-05  2.49037566e-11  3.71873830e-05 -1.98105892e-11  3.71873830e-05  2.45341632e-11  3.71873830e-05  2.00000000e+00 
 3.72873830e-05 -1.49552507e+01  3.72873830e-05 -9.52653328e-05  3.72873830e-05  2.49553507e-11  3.72873830e-05 -1.99137774e-11  3.72873830e-05  2.47921335e-11  3.72873830e-05  2.00000000e+00 
 3.73873830e-05 -1.49872883e+01  3.73873830e-05 -9.52654077e-05  3.73873830e-05  2.49873883e-11  3.73873830e-05 -1.99778525e-11  3.73873830e-05  2.49523214e-11  3.73873830e-05  2.00000000e+00 
 3.74873830e-05 -1.49996429e+01  3.74873830e-05 -9.52654252e-05  3.74873830e-05  2.49997429e-11  3.74873830e-05 -2.00025618e-11  3.74873830e-05  2.50140945e-11  3.74873830e-05  2.00000000e+00 
 3.75873830e-05 -1.49922658e+01  3.75873830e-05 -9.52653852e-05  3.75873830e-05  2.49923658e-11  3.75873830e-05 -1.99878077e-11  3.75873830e-05  2.49772092e-11  3.75873830e-05  2.00000000e+00 
 3.76873830e-05 -1.49651862e+01  3.76873830e-05 -9.52652879e-05  3.76873830e-05  2.49652862e-11  3.76873830e-05 -1.99336483e-11  3.76873830e-05  2.48418109e-11  3.76873830e-05  2.00000000e+00 
 3.77873830e-05 -1.49185108e+01  3.77873830e-05 -9.52651333e-05  3.77873830e-05  2.49186108e-11  3.77873830e-05 -1.98402976e-11  3.77873830e-05  2.46084340e-11  3.77873830e-05  2.00000000e+00 
 3.78873830e-05 -1.48524239e+01  3.78873830e-05 -9.52649223e-05  3.78873830e-05  2.48525239e-11  3.78873830e-05 -1.97081238e-11  3.78873830e-05  2.42779996e-11  3.78873830e-05  2.00000000e+00 
 3.79873830e-05 -1.47671863e+01  3.79873830e-05 -9.52646556e-05  3.79873830e-05  2.47672863e-11  3.79873830e-05 -1.95376487e-11  3.79873830e-05  2.38518117e-11  3.79873830e-05  2.00000000e+00 
 3.80873830e-05 -1.46631344e+01  3.80873830e-05 -9.52643341e-05  3.80873830e-05  2.46632344e-11  3.80873830e-05 -1.93295449e-11  3.80873830e-05  2.33315523e-11  3.80873830e-05  2.00000000e+00 
 3.81873830e-05 -1.45406789e+01  3.81873830e-05 -9.52639590e-05  3.81873830e-05  2.45407789e-11  3.81873830e-05 -1.90846338e-11  3.81873830e-05  2.27192746e-11  3.81873830e-05  2.00000000e+00 
 3.82873830e-05 -1.44003030e+01  3.82873830e-05 -9.52635315e-05  3.82873830e-05  2.44004030e-11  3.82873830e-05 -1.88038820e-11  3.82873830e-05  2.20173950e-11  3.82873830e-05  2.00000000e+00 
 3.83873830e-05 -1.42425607e+01  3.83873830e-05 -9.52630536e-05  3.83873830e-05  2.42426607e-11  3.83873830e-05 -1.84883974e-11  3.83873830e-05  2.12286835e-11  3.83873830e-05  2.00000000e+00 
 3.84873830e-05 -1.40680746e+01  3.84873830e-05 -9.52625268e-05  3.84873830e-05  2.40681746e-11  3.84873830e-05 -1.81394251e-11  3.84873830e-05  2.03562528e-11  3.84873830e-05  2.00000000e+00 
 3.85873830e-05 -1.38775332e+01  3.85873830e-05 -9.52619533e-05  3.85873830e-05  2.38776332e-11  3.85873830e-05 -1.77583424e-11  3.85873830e-05  1.94035460e-11  3.85873830e-05  2.00000000e+00 
 3.86873830e-05 -1.36716886e+01  3.86873830e-05 -9.52613352e-05  3.86873830e-05  2.36717886e-11  3.86873830e-05 -1.73466532e-11  3.86873830e-05  1.83743229e-11  3.86873830e-05  2.00000000e+00 
 3.87873830e-05 -1.34513531e+01  3.87873830e-05 -9.52606751e-05  3.87873830e-05  2.34514531e-11  3.87873830e-05 -1.69059822e-11  3.87873830e-05  1.72726455e-11  3.87873830e-05  2.00000000e+00 
 3.88873830e-05 -1.32173963e+01  3.88873830e-05 -9.52599752e-05  3.88873830e-05  2.32174963e-11  3.88873830e-05 -1.64380686e-11  3.88873830e-05  1.61028615e-11  3.88873830e-05  2.00000000e+00 
 3.89873830e-05 -1.29707415e+01  3.89873830e-05 -9.52592384e-05  3.89873830e-05  2.29708415e-11  3.89873830e-05 -1.59447590e-11  3.89873830e-05  1.48695876e-11  3.89873830e-05  2.00000000e+00 
 3.90873830e-05 -1.27123622e+01  3.90873830e-05 -9.52584673e-05  3.90873830e-05  2.27124622e-11  3.90873830e-05 -1.54280004e-11  3.90873830e-05  1.35776910e-11  3.90873830e-05  2.00000000e+00 
 3.91873830e-05 -1.24432780e+01  3.91873830e-05 -9.52576650e-05  3.91873830e-05  2.24433780e-11  3.91873830e-05 -1.48898320e-11  3.91873830e-05  1.22322700e-11  3.91873830e-05  2.00000000e+00 
 3.92873830e-05 -1.21645509e+01  3.92873830e-05 -9.52568346e-05  3.92873830e-05  2.21646509e-11  3.92873830e-05 -1.43323778e-11  3.92873830e-05  1.08386346e-11  3.92873830e-05  2.00000000e+00 
 3.93873830e-05 -1.18772809e+01  3.93873830e-05 -9.52559793e-05  3.93873830e-05  2.18773809e-11  3.93873830e-05 -1.37578379e-11  3.93873830e-05  9.40228478e-12  3.93873830e-05  2.00000000e+00 
 3.94873830e-05 -1.15826018e+01  3.94873830e-05 -9.52551027e-05  3.94873830e-05  2.15827018e-11  3.94873830e-05 -1.31684796e-11  3.94873830e-05  7.92888910e-12  3.94873830e-05  2.00000000e+00 
 3.95873830e-05 -1.12816765e+01  3.95873830e-05 -9.52542078e-05  3.95873830e-05  2.12817765e-11  3.95873830e-05 -1.25666290e-11  3.95873830e-05  6.42426242e-12  3.95873830e-05  2.00000000e+00 
 3.96873830e-05 -1.09756926e+01  3.96873830e-05 -9.52532981e-05  3.96873830e-05  2.09757926e-11  3.96873830e-05 -1.19546611e-11  3.96873830e-05  4.89434281e-12  3.96873830e-05  2.00000000e+00 
 3.97873830e-05 -1.06658576e+01  3.97873830e-05 -9.52523770e-05  3.97873830e-05  2.06659576e-11  3.97873830e-05 -1.13349913e-11  3.97873830e-05  3.34516814e-12  3.97873830e-05  2.00000000e+00 
 3.98873830e-05 -1.03533945e+01  3.98873830e-05 -9.52514483e-05  3.98873830e-05  2.03534945e-11  3.98873830e-05 -1.07100649e-11  3.98873830e-05  1.78285212e-12  3.98873830e-05  2.00000000e+00 
 3.99873830e-05 -1.00395362e+01  3.99873830e-05 -9.52505157e-05  3.99873830e-05  2.00396554e-11  3.99873830e-05 -1.00823483e-11  3.99873830e-05  2.13464457e-13  3.99873830e-05  2.00000000e+00 
 4.00873830e-05 -9.72552156e+00  4.00873830e-05 -9.52390140e-05  4.00873830e-05  2.33182540e-11  4.00873830e-05 -9.41839281e-12  4.00873830e-05 -1.94993061e-11  4.00873830e-05  2.00000000e+00 
 4.01873830e-05 -9.41258914e+00  4.01873830e-05  1.67754061e-03  4.01873830e-05  6.02650805e-07  4.01873830e-05  6.01748369e-09  4.01873830e-05 -3.04329144e-06  4.01873830e-05  2.00000000e+00 
 4.02873830e-05 -9.10191140e+00  4.02873830e-05  1.91158007e-01  4.02873830e-05  6.50135085e-05  4.02873830e-05  6.50126496e-07  4.02873830e-05 -3.28318125e-04  4.02873830e-05  2.00000000e+00 
 4.03873830e-05 -8.79474569e+00  4.03873830e-05  4.74723316e-01  4.03873830e-05  1.61407018e-04  4.03873830e-05  1.61406192e-06  4.03873830e-05 -8.15105348e-04  4.03873830e-05  2.00000000e+00 
 4.04873830e-05 -8.49233340e+00  4.04873830e-05  7.64663582e-01  4.04873830e-05  2.59967611e-04  4.04873830e-05  2.59966817e-06  4.04873830e-05 -1.31283634e-03  4.04873830e-05  2.00000000e+00 
 4.05873830e-05 -8.19587047e+00  4.05873830e-05  1.05251890e+00  4.05873830e-05  3.57819478e-04  4.05873830e-05  3.57818715e-06  4.05873830e-05 -1.80698828e-03  4.05873830e-05  2.00000000e+00 
 4.06873830e-05 -7.90652737e+00  4.06873830e-05  1.33578282e+00  4.06873830e-05  4.54110594e-04  4.06873830e-05  4.54109861e-06  4.06873830e-05 -2.29325841e-03  4.06873830e-05  2.00000000e+00 
 4.07873830e-05 -7.62544645e+00  4.07873830e-05  1.61200157e+00  4.07873830e-05  5.48006831e-04  4.07873830e-05  5.48006127e-06  4.07873830e-05 -2.76743441e-03  4.07873830e-05  2.00000000e+00 
 4.08873830e-05 -7.35373716e+00  4.08873830e-05  1.87965217e+00  4.08873830e-05  6.38990483e-04  4.08873830e-05  6.38989807e-06  4.08873830e-05 -3.22690186e-03  4.08873830e-05  2.00000000e+00 
 4.09873830e-05 -7.09247187e+00  4.09873830e-05  2.13749643e+00  4.09873830e-05  7.26640647e-04  4.09873830e-05  7.26639998e-06  4.09873830e-05 -3.66953519e-03  4.09873830e-05  2.00000000e+00 
 4.10873830e-05 -6.84268172e+00  4.10873830e-05  2.38436388e+00  4.10873830e-05  8.10559431e-04  4.10873830e-05  8.10558807e-06  4.10873830e-05 -4.09332505e-03  4.10873830e-05  2.00000000e+00 
 4.11873830e-05 -6.60535256e+00  4.11873830e-05  2.61916903e+00  4.11873830e-05  8.90377849e-04  4.11873830e-05  8.90377249e-06  4.11873830e-05 -4.49640806e-03  4.11873830e-05  2.00000000e+00 
 4.12873830e-05 -6.38142105e+00  4.12873830e-05  2.84090608e+00  4.12873830e-05  9.65753991e-04  4.12873830e-05  9.65753414e-06  4.12873830e-05 -4.87705758e-03  4.12873830e-05  2.00000000e+00 
 4.13873830e-05 -6.17177096e+00  4.13873830e-05  3.04864121e+00  4.13873830e-05  1.03637042e-03  4.13873830e-05  1.03636986e-05  4.13873830e-05 -5.23367053e-03  4.13873830e-05  2.00000000e+00 
 4.14873830e-05 -5.97722971e+00  4.14873830e-05  3.24150972e+00  4.14873830e-05  1.10193319e-03  4.14873830e-05  1.10193265e-05  4.14873830e-05 -5.56476252e-03  4.14873830e-05  2.00000000e+00 
 4.15873830e-05 -5.79856506e+00  4.15873830e-05  3.41871554e+00  4.15873830e-05  1.16217169e-03  4.15873830e-05  1.16217117e-05  4.15873830e-05 -5.86896696e-03  4.15873830e-05  2.00000000e+00 
 4.16873830e-05 -5.63648213e+00  4.16873830e-05  3.57953174e+00  4.16873830e-05  1.21683881e-03  4.16873830e-05  1.21683831e-05  4.16873830e-05 -6.14503593e-03  4.16873830e-05  2.00000000e+00 
 4.17873830e-05 -5.49162060e+00  4.17873830e-05  3.72330166e+00  4.17873830e-05  1.26571134e-03  4.17873830e-05  1.26571085e-05  4.17873830e-05 -6.39184218e-03  4.17873830e-05  2.00000000e+00 
 4.18873830e-05 -5.36455219e+00  4.18873830e-05  3.84944032e+00  4.18873830e-05  1.30859041e-03  4.18873830e-05  1.30858993e-05  4.18873830e-05 -6.60838148e-03  4.18873830e-05  2.00000000e+00 
 4.19873830e-05 -5.25577836e+00  4.19873830e-05  3.95743585e+00  4.19873830e-05  1.34530201e-03  4.19873830e-05  1.34530155e-05  4.19873830e-05 -6.79377510e-03  4.19873830e-05  2.00000000e+00 
 4.20873830e-05 -5.16572841e+00  4.20873830e-05  4.04685088e+00  4.20873830e-05  1.37569749e-03  4.20873830e-05  1.37569703e-05  4.20873830e-05 -6.94727224e-03  4.20873830e-05  2.00000000e+00 
 4.21873830e-05 -5.09475773e+00  4.21873830e-05  4.11732389e+00  4.21873830e-05  1.39965393e-03  4.21873830e-05  1.39965348e-05  4.21873830e-05 -7.06825227e-03  4.21873830e-05  2.00000000e+00 
 4.22873830e-05 -5.04314641e+00  4.22873830e-05  4.16857026e+00  4.22873830e-05  1.41707458e-03  4.22873830e-05  1.41707414e-05  4.22873830e-05 -7.15622658e-03  4.22873830e-05  2.00000000e+00 
 4.23873830e-05 -5.01109813e+00  4.23873830e-05  4.20038320e+00  4.23873830e-05  1.42788916e-03  4.23873830e-05  1.42788872e-05  4.23873830e-05 -7.21084019e-03  4.23873830e-05  2.00000000e+00 
 4.24873830e-05 -4.99873937e+00  4.24873830e-05  4.21263442e+00  4.24873830e-05  1.43205405e-03  4.24873830e-05  1.43205361e-05  4.24873830e-05 -7.23187286e-03  4.24873830e-05  2.00000000e+00 
 4.25873830e-05 -5.00611892e+00  4.25873830e-05  4.20527454e+00  4.25873830e-05  1.42955245e-03  4.25873830e-05  1.42955201e-05  4.25873830e-05 -7.21923980e-03  4.25873830e-05  2.00000000e+00 
 4.26873830e-05 -5.03320765e+00  4.26873830e-05  4.17833326e+00  4.26873830e-05  1.42039447e-03  4.26873830e-05  1.42039403e-05  4.26873830e-05 -7.17299199e-03  4.26873830e-05  2.00000000e+00 
 4.27873830e-05 -5.07989864e+00  4.27873830e-05  4.13191924e+00  4.27873830e-05  1.40461704e-03  4.27873830e-05  1.40461659e-05  4.27873830e-05 -7.09331598e-03  4.27873830e-05  2.00000000e+00 
 4.28873830e-05 -5.14600764e+00  4.28873830e-05  4.06621979e+00  4.28873830e-05  1.38228383e-03  4.28873830e-05  1.38228338e-05  4.28873830e-05 -6.98053329e-03  4.28873830e-05  2.00000000e+00 
 4.29873830e-05 -5.23127373e+00  4.29873830e-05  3.98150022e+00  4.29873830e-05  1.35348504e-03  4.29873830e-05  1.35348458e-05  4.29873830e-05 -6.83509937e-03  4.29873830e-05  2.00000000e+00 
 4.30873830e-05 -5.33536040e+00  4.30873830e-05  3.87810301e+00  4.30873830e-05  1.31833707e-03  4.30873830e-05  1.31833660e-05  4.30873830e-05 -6.65760213e-03  4.30873830e-05  2.00000000e+00 
 4.31873830e-05 -5.45785688e+00  4.31873830e-05  3.75644675e+00  4.31873830e-05  1.27698222e-03  4.31873830e-05  1.27698174e-05  4.31873830e-05 -6.44876016e-03  4.31873830e-05  2.00000000e+00 
 4.32873830e-05 -5.59827972e+00  4.32873830e-05  3.61702489e+00  4.32873830e-05  1.22958824e-03  4.32873830e-05  1.22958774e-05  4.32873830e-05 -6.20942053e-03  4.32873830e-05  2.00000000e+00 
 4.33873830e-05 -5.75607472e+00  4.33873830e-05  3.46040436e+00  4.33873830e-05  1.17634783e-03  4.33873830e-05  1.17634732e-05  4.33873830e-05 -5.94055646e-03  4.33873830e-05  2.00000000e+00 
 4.34873830e-05 -5.93061914e+00  4.34873830e-05  3.28722411e+00  4.34873830e-05  1.11747820e-03  4.34873830e-05  1.11747767e-05  4.34873830e-05 -5.64326483e-03  4.34873830e-05  2.00000000e+00 
 4.35873830e-05 -6.12122413e+00  4.35873830e-05  3.09819371e+00  4.35873830e-05  1.05322055e-03  4.35873830e-05  1.05322000e-05  4.35873830e-05 -5.31876371e-03  4.35873830e-05  2.00000000e+00 
 4.36873830e-05 -6.32713743e+00  4.36873830e-05  2.89409216e+00  4.36873830e-05  9.83839692e-04  4.36873830e-05  9.83839121e-06  4.36873830e-05 -4.96839037e-03  4.36873830e-05  2.00000000e+00 
 4.37873830e-05 -6.54754638e+00  4.37873830e-05  2.67576714e+00  4.37873830e-05  9.09623782e-04  4.37873830e-05  9.09623188e-06  4.37873830e-05 -4.59360002e-03  4.37873830e-05  2.00000000e+00 
 4.38873830e-05 -6.78158113e+00  4.38873830e-05  2.44413535e+00  4.38873830e-05  8.30884433e-04  4.38873830e-05  8.30883815e-06  4.38873830e-05 -4.19596631e-03  4.38873830e-05  2.00000000e+00 
 4.39873830e-05 -7.02831801e+00  4.39873830e-05  2.20018461e+00  4.39873830e-05  7.47957435e-04  4.39873830e-05  7.47956792e-06  4.39873830e-05 -3.77718496e-03  4.39873830e-05  2.00000000e+00 
 4.40873830e-05 -7.28678323e+00  4.40873830e-05  1.94497950e+00  4.40873830e-05  6.61204681e-04  4.40873830e-05  6.61204012e-06  4.40873830e-05 -3.33908356e-03  4.40873830e-05  2.00000000e+00 
 4.41873830e-05 -7.55595670e+00  4.41873830e-05  1.67967417e+00  4.41873830e-05  5.71018502e-04  4.41873830e-05  5.71017805e-06  4.41873830e-05 -2.88364335e-03  4.41873830e-05  2.00000000e+00 
 4.42873830e-05 -7.83477604e+00  4.42873830e-05  1.40554005e+00  4.42873830e-05  4.77831098e-04  4.42873830e-05  4.77830372e-06  4.42873830e-05 -2.41304696e-03  4.42873830e-05  2.00000000e+00 
 4.43873830e-05 -8.12214075e+00  4.43873830e-05  1.12402894e+00  4.43873830e-05  3.82135985e-04  4.43873830e-05  3.82135230e-06  4.43873830e-05 -1.92978664e-03  4.43873830e-05  2.00000000e+00 
 4.44873830e-05 -8.41691650e+00  4.44873830e-05  8.36931448e-01  4.44873830e-05  2.84541853e-04  4.44873830e-05  2.84541067e-06  4.44873830e-05 -1.43693627e-03  4.44873830e-05  2.00000000e+00 
 4.45873830e-05 -8.71793946e+00  4.45873830e-05  5.46850425e-01  4.45873830e-05  1.85933498e-04  4.45873830e-05  1.85932681e-06  4.45873830e-05 -9.38964075e-04  4.45873830e-05  2.00000000e+00 
 4.46873830e-05 -9.02401982e+00  4.46873830e-05  2.60260595e-01  4.46873830e-05  8.85118997e-05  4.46873830e-05  8.85110494e-07  4.46873830e-05 -4.46985001e-04  4.46873830e-05  2.00000000e+00 
 4.47873830e-05 -9.33393609e+00  4.47873830e-05  1.85765052e-02  4.47873830e-05  6.35527162e-06  4.47873830e-05  6.35438322e-08  4.47873830e-05 -3.20940273e-05  4.47873830e-05  2.00000000e+00 
 4.48873830e-05 -9.64640554e+00  4.48873830e-05 -1.18827134e-04  4.48873830e-05  9.38672701e-11  4.48873830e-05 -8.55467287e-12  4.48873830e-05 -3.76562986e-10  4.48873830e-05  2.00000000e+00 
 4.49873830e-05 -9.96026378e+00  4.49873830e-05 -1.19046364e-04  4.49873830e-05  1.99605573e-11  4.49873830e-05 -9.92459484e-12  4.49873830e-05 -1.79812296e-13  4.49873830e-05  2.00000000e+00 
 4.50873830e-05 -1.02742784e+01  4.50873830e-05 -1.19047255e-04  4.50873830e-05  2.02743786e-11  4.50873830e-05 -1.05526261e-11  4.50873830e-05  1.39123776e-12  4.50873830e-05  2.00000000e+00 
 4.51873830e-05 -1.05872103e+01  4.51873830e-05 -1.19048144e-04  4.51873830e-05  2.05873103e-11  4.51873830e-05 -1.11784897e-11  4.51873830e-05  2.95589735e-12  4.51873830e-05  2.00000000e+00 
 4.52873830e-05 -1.08978242e+01  4.52873830e-05 -1.19049025e-04  4.52873830e-05  2.08979242e-11  4.52873830e-05 -1.17997177e-11  4.52873830e-05  4.50896726e-12  4.52873830e-05  2.00000000e+00 
 4.53873830e-05 -1.12048945e+01  4.53873830e-05 -1.19049896e-04  4.53873830e-05  2.12049945e-11  4.53873830e-05 -1.24138583e-11  4.53873830e-05  6.04431865e-12  4.53873830e-05  2.00000000e+00 
 4.54873830e-05 -1.15072092e+01  4.54873830e-05 -1.19050754e-04  4.54873830e-05  2.15073092e-11  4.54873830e-05 -1.30184877e-11  4.54873830e-05  7.55589222e-12  4.54873830e-05  2.00000000e+00 
 4.55873830e-05 -1.18035753e+01  4.55873830e-05 -1.19051594e-04  4.55873830e-05  2.18036753e-11  4.55873830e-05 -1.36112198e-11  4.55873830e-05  9.03772249e-12  4.55873830e-05  2.00000000e+00 
 4.56873830e-05 -1.20928231e+01  4.56873830e-05 -1.19052413e-04  4.56873830e-05  2.20929231e-11  4.56873830e-05 -1.41897153e-11  4.56873830e-05  1.04839613e-11  4.56873830e-05  2.00000000e+00 
 4.57873830e-05 -1.23738110e+01  4.57873830e-05 -1.19053209e-04  4.57873830e-05  2.23739110e-11  4.57873830e-05 -1.47516913e-11  4.57873830e-05  1.18889011e-11  4.57873830e-05  2.00000000e+00 
 4.58873830e-05 -1.26454302e+01  4.58873830e-05 -1.19053977e-04  4.58873830e-05  2.26455302e-11  4.58873830e-05 -1.52949297e-11  4.58873830e-05  1.32469972e-11  4.58873830e-05  2.00000000e+00 
 4.59873830e-05 -1.29066088e+01  4.59873830e-05 -1.19054714e-04  4.59873830e-05  2.29067088e-11  4.59873830e-05 -1.58172867e-11  4.59873830e-05  1.45528898e-11  4.59873830e-05  2.00000000e+00 
 4.60873830e-05 -1.31563158e+01  4.60873830e-05 -1.19055419e-04  4.60873830e-05  2.31564158e-11  4.60873830e-05 -1.63167009e-11  4.60873830e-05  1.58014251e-11  4.60873830e-05  2.00000000e+00 
 4.61873830e-05 -1.33935660e+01  4.61873830e-05 -1.19056087e-04  4.61873830e-05  2.33936660e-11  4.61873830e-05 -1.67912011e-11  4.61873830e-05  1.69876758e-11  4.61873830e-05  2.00000000e+00 
 4.62873830e-05 -1.36174229e+01  4.62873830e-05 -1.19056715e-04  4.62873830e-05  2.36175229e-11  4.62873830e-05 -1.72389149e-11  4.62873830e-05  1.81069603e-11  4.62873830e-05  2.00000000e+00 
 4.63873830e-05 -1.38270030e+01  4.63873830e-05 -1.19057303e-04  4.63873830e-05  2.38271030e-11  4.63873830e-05 -1.76580753e-11  4.63873830e-05  1.91548611e-11  4.63873830e-05  2.00000000e+00 
 4.64873830e-05 -1.40214794e+01  4.64873830e-05 -1.19057846e-04  4.64873830e-05  2.40215794e-11  4.64873830e-05 -1.80470280e-11  4.64873830e-05  2.01272429e-11  4.64873830e-05  2.00000000e+00 
 4.65873830e-05 -1.42000844e+01  4.65873830e-05 -1.19058343e-04  4.65873830e-05  2.42001844e-11  4.65873830e-05 -1.84042380e-11  4.65873830e-05  2.10202679e-11  4.65873830e-05  2.00000000e+00 
 4.66873830e-05 -1.43621132e+01  4.66873830e-05 -1.19058792e-04  4.66873830e-05  2.43622132e-11  4.66873830e-05 -1.87282956e-11  4.66873830e-05  2.18304120e-11  4.66873830e-05  2.00000000e+00 
 4.67873830e-05 -1.45069263e+01  4.67873830e-05 -1.19059191e-04  4.67873830e-05  2.45070263e-11  4.67873830e-05 -1.90179219e-11  4.67873830e-05  2.25544777e-11  4.67873830e-05  2.00000000e+00 
 4.68873830e-05 -1.46339523e+01  4.68873830e-05 -1.19059537e-04  4.68873830e-05  2.46340523e-11  4.68873830e-05 -1.92719738e-11  4.68873830e-05  2.31896075e-11  4.68873830e-05  2.00000000e+00 
 4.69873830e-05 -1.47426898e+01  4.69873830e-05 -1.19059831e-04  4.69873830e-05  2.47427898e-11  4.69873830e-05 -1.94894488e-11  4.69873830e-05  2.37332949e-11  4.69873830e-05  2.00000000e+00 
 4.70873830e-05 -1.48327097e+01  4.70873830e-05 -1.19060070e-04  4.70873830e-05  2.48328097e-11  4.70873830e-05 -1.96694885e-11  4.70873830e-05  2.41833942e-11  4.70873830e-05  2.00000000e+00 
 4.71873830e-05 -1.49036566e+01  4.71873830e-05 -1.19060254e-04  4.71873830e-05  2.49037566e-11  4.71873830e-05 -1.98113824e-11  4.71873830e-05  2.45381290e-11  4.71873830e-05  2.00000000e+00 
 4.72873830e-05 -1.49552507e+01  4.72873830e-05 -1.19060381e-04  4.72873830e-05  2.49553507e-11  4.72873830e-05 -1.99145706e-11  4.72873830e-05  2.47960994e-11  4.72873830e-05  2.00000000e+00 
 4.73873830e-05 -1.49872883e+01  4.73873830e-05 -1.19060451e-04  4.73873830e-05  2.49873883e-11  4.73873830e-05 -1.99786457e-11  4.73873830e-05  2.49562872e-11  4.73873830e-05  2.00000000e+00 
 4.74873830e-05 -1.49996429e+01  4.74873830e-05 -1.19060464e-04  4.74873830e-05  2.49997429e-11  4.74873830e-05 -2.00033550e-11  4.74873830e-05  2.50180604e-11  4.74873830e-05  2.00000000e+00 
 4.75873830e-05 -1.49922658e+01  4.75873830e-05 -1.19060419e-04  4.75873830e-05  2.49923658e-11  4.75873830e-05 -1.99886008e-11  4.75873830e-05  2.49811750e-11  4.75873830e-05  2.00000000e+00 
 4.76873830e-05 -1.49651862e+01  4.76873830e-05 -1.19060317e-04  4.76873830e-05  2.49652862e-11  4.76873830e-05 -1.99344415e-11  4.76873830e-05  2.48457767e-11  4.76873830e-05  2.00000000e+00 
 4.77873830e-05 -1.49185108e+01  4.77873830e-05 -1.19060158e-04  4.77873830e-05  2.49186108e-11  4.77873830e-05 -1.98410908e-11  4.77873830e-05  2.46123998e-11  4.77873830e-05  2.00000000e+00 
 4.78873830e-05 -1.48524239e+01  4.78873830e-05 -1.19059943e-04  4.78873830e-05  2.48525239e-11  4.78873830e-05 -1.97089170e-11  4.78873830e-05  2.42819654e-11  4.78873830e-05  2.00000000e+00 
 4.79873830e-05 -1.47671863e+01  4.79873830e-05 -1.19059671e-04  4.79873830e-05  2.47672863e-11  4.79873830e-05 -1.95384418e-11  4.79873830e-05  2.38557775e-11  4.79873830e-05  2.00000000e+00 
 4.80873830e-05 -1.46631344e+01  4.80873830e-05 -1.19059345e-04  4.80873830e-05  2.46632344e-11  4.80873830e-05 -1.93303381e-11  4.80873830e-05  2.33355181e-11  4.80873830e-05  2.00000000e+00 
 4.81873830e-05 -1.45406789e+01  4.81873830e-05 -1.19058965e-04  4.81873830e-05  2.45407789e-11  4.81873830e-05 -1.90854270e-11  4.81873830e-05  2.27232404e-11  4.81873830e-05  2.00000000e+00 
 4.82873830e-05 -1.44003030e+01  4.82873830e-05 -1.19058533e-04  4.82873830e-05  2.44004030e-11  4.82873830e-05 -1.88046752e-11  4.82873830e-05  2.20213609e-11  4.82873830e-05  2.00000000e+00 
 4.83873830e-05 -1.42425607e+01  4.83873830e-05 -1.19058051e-04  4.83873830e-05  2.42426607e-11  4.83873830e-05 -1.84891906e-11  4.83873830e-05  2.12326494e-11  4.83873830e-05  2.00000000e+00 
 4.84873830e-05 -1.40680746e+01  4.84873830e-05 -1.19057519e-04  4.84873830e-05  2.40681746e-11  4.84873830e-05 -1.81402183e-11  4.84873830e-05  2.03602187e-11  4.84873830e-05  2.00000000e+00 
 4.85873830e-05 -1.38775332e+01  4.85873830e-05 -1.19056941e-04  4.85873830e-05  2.38776332e-11  4.85873830e-05 -1.77591356e-11  4.85873830e-05  1.94075118e-11  4.85873830e-05  2.00000000e+00 
 4.86873830e-05 -1.36716886e+01  4.86873830e-05 -1.19056319e-04  4.86873830e-05  2.36717886e-11  4.86873830e-05 -1.73474463e-11  4.86873830e-05  1.83782888e-11  4.86873830e-05  2.00000000e+00 
 4.87873830e-05 -1.34513531e+01  4.87873830e-05 -1.19055654e-04  4.87873830e-05  2.34514531e-11  4.87873830e-05 -1.69067754e-11  4.87873830e-05  1.72766113e-11  4.87873830e-05  2.00000000e+00 
 4.88873830e-05 -1.32173963e+01  4.88873830e-05 -1.19054949e-04  4.88873830e-05  2.32174963e-11  4.88873830e-05 -1.64388618e-11  4.88873830e-05  1.61068274e-11  4.88873830e-05  2.00000000e+00 
 4.89873830e-05 -1.29707415e+01  4.89873830e-05 -1.19054208e-04  4.89873830e-05  2.29708415e-11  4.89873830e-05 -1.59455522e-11  4.89873830e-05  1.48735535e-11  4.89873830e-05  2.00000000e+00 
 4.90873830e-05 -1.27123622e+01  4.90873830e-05 -1.19053432e-04  4.90873830e-05  2.27124622e-11  4.90873830e-05 -1.54287935e-11  4.90873830e-05  1.35816568e-11  4.90873830e-05  2.00000000e+00 
 4.91873830e-05 -1.24432780e+01  4.91873830e-05 -1.19052625e-04  4.91873830e-05  2.24433780e-11  4.91873830e-05 -1.48906252e-11  4.91873830e-05  1.22362359e-11  4.91873830e-05  2.00000000e+00 
 4.92873830e-05 -1.21645509e+01  4.92873830e-05 -1.19051790e-04  4.92873830e-05  2.21646509e-11  4.92873830e-05 -1.43331710e-11  4.92873830e-05  1.08426004e-11  4.92873830e-05  2.00000000e+00 
 4.93873830e-05 -1.18772809e+01  4.93873830e-05 -1.19050930e-04  4.93873830e-05  2.18773809e-11  4.93873830e-05 -1.37586311e-11  4.93873830e-05  9.40625060e-12  4.93873830e-05  2.00000000e+00 
 4.94873830e-05 -1.15826018e+01  4.94873830e-05 -1.19050049e-04  4.94873830e-05  2.15827018e-11  4.94873830e-05 -1.31692728e-11  4.94873830e-05  7.93285493e-12  4.94873830e-05  2.00000000e+00 
 4.95873830e-05 -1.12816765e+01  4.95873830e-05 -1.19049149e-04  4.95873830e-05  2.12817765e-11  4.95873830e-05 -1.25674221e-11  4.95873830e-05  6.42822825e-12  4.95873830e-05  2.00000000e+00 
 4.96873830e-05 -1.09756926e+01  4.96873830e-05 -1.19048235e-04  4.96873830e-05  2.09757926e-11  4.96873830e-05 -1.19554543e-11  4.96873830e-05  4.89830863e-12  4.96873830e-05  2.00000000e+00 
 4.97873830e-05 -1.06658576e+01  4.97873830e-05 -1.19047309e-04  4.97873830e-05  2.06659576e-11  4.97873830e-05 -1.13357844e-11  4.97873830e-05  3.34913396e-12  4.97873830e-05  2.00000000e+00 
 4.98873830e-05 -1.03533945e+01  4.98873830e-05 -1.19046376e-04  4.98873830e-05  2.03534945e-11  4.98873830e-05 -1.07108581e-11  4.98873830e-05  1.78681794e-12  4.98873830e-05  2.00000000e+00 
 4.99873830e-05 -1.00395362e+01  4.99873830e-05 -1.19045439e-04  4.99873830e-05  2.00396548e-11  4.99873830e-05 -1.00831414e-11  4.99873830e-05  2.17433198e-13  4.99873830e-05  2.00000000e+00 
 5.00000000e-05 -9.99990000e+00  5.00000000e-05 -1.19045320e-04  5.00000000e-05  2.00000861e-11  5.00000000e-05 -1.00038683e-11  5.00000000e-05  1.89110435e-14  5.00000000e-05  2.00000000e+00 
